5.05023 23
5.05476 24
5.05938 25
5.06415 26
5.06875 27
5.07311 28
5.07762 29
5.08228 30
5.08679 31
5.09113 32
5.0956 33
5.1002 34
5.10468 35
5.10901 36
5.11356 37
5.11837 38
5.12317 39
5.12798 40
5.13304 41
5.13835 42
5.14366 43
5.14898 44
5.15454 45
5.16036 46
5.16099 45
5.16125 44
5.1615 43
5.16694 42
5.16719 41
5.17579 42
5.1811 43
5.18667 44
5.19223 45
5.1978 46
5.19894 45
5.19919 44
5.20665 45
5.21247 46
5.21665 45
5.22297 44
5.22322 43
5.23081 44
5.23638 45
5.2422 46
5.24574 45
5.24599 44
5.25156 43
5.26104 44
5.26661 45
5.27217 46
5.27356 45
5.27382 44
5.27951 43
5.27976 42
5.28558 43
5.29089 44
5.29646 45
5.30228 46
5.30265 45
5.30291 44
5.30961 45
5.31543 46
5.32036 45
5.32631 44
5.33503 45
5.34085 46
5.34566 45
5.35198 44
5.35224 43
5.36084 44
5.3664 45
5.37222 46
5.37475 45
5.375 44
5.38044 43
5.3807 42
5.38702 43
5.39258 44
5.39815 45
5.40372 46
5.40511 45
5.40536 44
5.41105 43
5.42168 44
5.42724 45
5.43306 46
5.4342 45
5.44014 44
5.44027 43
5.44811 44
5.45368 45
5.45924 46
5.46076 45
5.46101 44
5.46645 43
5.47581 44
5.48138 45
5.48719 46
5.48859 45
5.49428 44
5.49453 43
5.50123 44
5.5068 45
5.51237 46
5.51515 45
5.52084 44
5.52109 43
5.52843 44
5.53399 45
5.53956 46
5.54044 45
5.5407 44
5.54639 43
5.55701 44
5.56258 45
5.56814 46
5.5708 45
5.57662 44
5.5875 45
5.59331 46
5.59483 45
5.59509 44
5.60141 45
5.60698 46
5.61279 47
5.61381 46
5.61406 45
5.61962 44
5.62519 43
5.62544 42
5.62569 41
5.63278 42
5.63809 43
5.6434 44
5.64897 45
5.65479 46
5.65555 45
5.6558 44
5.66136 43
5.67237 44
5.67793 45
5.68375 46
5.68464 45
5.69058 44
5.69071 43
5.69653 44
5.70209 45
5.70766 46
5.71246 45
5.71828 44
5.72385 43
5.7241 42
5.73371 43
5.73928 44
5.74484 45
5.75041 46
5.75167 45
5.75193 44
5.75749 43
5.76622 44
5.77178 45
5.7776 46
5.77823 45
5.77849 44
5.78418 43
5.79126 44
5.79683 45
5.80265 46
5.8048 45
5.81074 44
5.82149 45
5.82731 46
5.83009 45
5.83578 44
5.83604 43
5.84135 44
5.84692 45
5.85248 46
5.85539 45
5.86133 44
5.86146 43
5.86981 44
5.87537 45
5.88119 46
5.88448 45
5.88473 44
5.89017 43
5.89979 44
5.9051 45
5.91092 46
5.9161 45
5.92179 44
5.92205 43
5.92951 44
5.93507 45
5.94064 46
5.94266 45
5.94292 44
5.94836 43
5.94861 42
5.95594 43
5.96151 44
5.96708 45
5.97264 46
5.97428 45
5.97454 44
5.98023 43
5.98959 44
5.99515 45
6.00097 46
6.00338 45
6.00932 44
6.00945 43
6.01527 44
6.02083 45
6.02665 46
6.0312 45
6.03689 44
6.03715 43
6.04259 42
6.04284 41
6.05169 42
6.05701 43
6.06232 44
6.06788 45
6.0737 46
6.07421 45
6.07446 44
6.0799 43
6.09002 44
6.09558 45
6.1014 46
6.10456 45
6.11051 44
6.11974 45
6.12531 46
6.12986 45
6.13555 44
6.1358 43
6.14605 44
6.15162 45
6.15743 46
6.15895 45
6.1592 44
6.16477 43
6.1649 42
6.17147 43
6.17679 44
6.18235 45
6.18817 46
6.18931 45
6.18956 44
6.19525 43
6.20309 44
6.20866 45
6.21422 46
6.21713 45
6.22308 44
6.23231 45
6.23788 46
6.2437 45
6.24939 44
6.25508 43
6.25533 42
6.25559 41
6.26166 42
6.26697 43
6.27228 44
6.27785 45
6.28366 46
6.28417 45
6.28442 44
6.28986 43
6.29973 44
6.30529 45
6.31086 46
6.312 45
6.31794 44
6.31807 43
6.32439 44
6.32996 45
6.33552 46
6.33856 45
6.34425 44
6.34438 43
6.3502 44
6.35576 45
6.36133 46
6.36259 45
6.36284 44
6.36841 43
6.3784 44
6.38397 45
6.38978 46
6.39042 45
6.39067 44
6.39649 45
6.40205 46
6.40307 45
6.40332 44
6.40939 45
6.41521 46
6.42103 47
6.42204 46
6.42786 45
6.42811 44
6.43367 43
6.4338 42
6.43405 41
6.44468 42
6.44999 43
6.45556 44
6.46112 45
6.46669 46
6.46884 45
6.46909 44
6.47478 43
6.47503 42
6.48414 43
6.48971 44
6.49527 45
6.50084 46
6.50172 45
6.50198 44
6.50767 43
6.51753 44
6.5231 45
6.52866 46
6.53081 45
6.53663 44
6.54713 45
6.5527 46
6.55611 45
6.56206 44
6.57331 45
6.57913 46
6.58394 45
6.58976 44
6.58988 43
6.59532 42
6.59557 41
6.60519 42
6.6105 43
6.61606 44
6.62163 45
6.6272 46
6.62947 45
6.62972 44
6.63529 43
6.64301 44
6.64857 45
6.65414 46
6.6573 45
6.66312 44
6.66324 43
6.66906 44
6.67463 45
6.68019 46
6.68386 45
6.69474 46
6.7003 45
6.70056 44
6.70612 43
6.70625 42
6.71181 43
6.71738 44
6.72294 45
6.72851 46
6.72939 45
6.72965 44
6.73534 43
6.73559 42
6.74369 43
6.74925 44
6.75482 45
6.76038 46
6.76102 45
6.76127 44
6.76696 43
6.77505 44
6.78062 45
6.78644 46
6.78884 45
6.79479 44
6.80377 45
6.80959 46
6.81414 45
6.81996 44
6.82552 43
6.82577 42
6.8364 43
6.84196 44
6.84753 45
6.8531 46
6.85461 45
6.85487 44
6.86043 43
6.86789 44
6.87346 45
6.87928 46
6.87991 45
6.88016 44
6.88636 45
6.89193 46
6.89762 45
6.90356 44
6.9133 45
6.91912 46
6.92418 45
6.93 44
6.93012 43
6.93025 42
6.93556 41
6.93582 40
6.94366 41
6.94897 42
6.95428 43
6.9596 44
6.96516 45
6.97073 46
6.97174 45
6.97199 44
6.97756 43
6.98654 44
6.9921 45
6.99767 46
7.00083 45
7.00665 44
7.01563 45
7.02145 46
7.02613 45
7.03207 44
7.0322 43
7.03928 44
7.04485 45
7.05041 46
7.05522 45
7.05547 44
7.06104 43
7.06116 42
7.07077 43
7.07609 44
7.08165 45
7.08747 46
7.0881 45
7.08836 44
7.09405 43
7.0943 42
7.10214 43
7.10771 44
7.11327 45
7.11884 46
7.11972 45
7.11998 44
7.12567 43
7.13275 44
7.13832 45
7.14414 46
7.14629 45
7.15223 44
7.16172 45
7.16728 46
7.17032 45
7.17664 44
7.17689 43
7.18625 44
7.19182 45
7.19764 46
7.19941 45
7.19966 44
7.2051 43
7.21294 44
7.21851 45
7.22433 46
7.22471 45
7.22496 44
7.23166 45
7.23748 46
7.2433 47
7.24368 46
7.24393 45
7.2495 44
7.25506 43
7.25531 42
7.25557 41
7.26113 42
7.26619 43
7.27176 44
7.27732 45
7.28289 46
7.28415 45
7.28441 44
7.28984 43
7.29971 44
7.30528 45
7.31084 46
7.31198 45
7.31223 44
7.31792 43
7.32551 44
7.33108 45
7.33664 46
7.33854 45
7.34449 44
7.35498 45
7.36055 46
7.36257 45
7.36283 44
7.36826 43
7.37813 44
7.3837 45
7.38951 46
7.3904 45
7.39065 44
7.39634 43
7.40368 44
7.40925 45
7.41506 46
7.4157 45
7.42202 44
7.42227 43
7.4286 44
7.43416 45
7.43973 46
7.44352 45
7.44934 44
7.44947 43
7.45503 44
7.4606 45
7.46642 46
7.47008 45
7.47603 44
7.47616 43
7.48526 44
7.49083 45
7.49665 46
7.49791 45
7.49816 44
7.5036 43
7.50386 42
7.51018 43
7.51549 44
7.52106 45
7.52688 46
7.52827 45
7.52852 44
7.53409 43
7.54231 44
7.54762 45
7.55344 46
7.55483 45
7.56077 44
7.5609 43
7.56773 44
7.5733 45
7.57886 46
7.58139 45
7.58708 44
7.58734 43
7.59277 44
7.59834 45
7.60416 46
7.60922 45
7.61491 44
7.61516 43
7.6206 42
7.62085 41
7.62111 40
7.62667 41
7.63173 42
7.63704 43
7.64261 44
7.64817 45
7.65374 46
7.65475 45
7.655 44
7.66057 43
7.6698 44
7.67537 45
7.68119 46
7.68258 45
7.68852 44
7.68865 43
7.69548 44
7.70104 45
7.70686 46
7.70914 45
7.71496 44
7.71508 43
7.72052 42
7.72078 41
7.72836 42
7.73368 43
7.73924 44
7.74481 45
7.75037 46
7.75088 45
7.75113 44
7.75695 45
7.76277 46
7.7744 45
7.77466 44
7.78022 43
7.78035 42
7.7806 41
7.78642 42
7.79173 43
7.7973 44
7.80286 45
7.80843 46
7.80906 45
7.80931 44
7.81501 43
7.81526 42
7.82411 43
7.82943 44
7.83499 45
7.84081 46
7.84195 45
7.84827 44
7.84852 43
7.85561 44
7.86117 45
7.86674 46
7.86977 45
7.87547 44
7.87559 43
7.88166 44
7.88723 45
7.89279 46
7.89507 45
7.89532 44
7.90089 43
7.91189 44
7.91746 45
7.92328 46
7.92416 45
7.92442 44
7.93011 43
7.9377 44
7.94326 45
7.94883 46
7.94946 45
7.9554 44
7.96615 45
7.97172 46
7.97602 45
7.98171 44
7.98197 43
7.98791 44
7.99348 45
7.99904 46
8.00132 45
8.00157 44
8.00714 43
8.01662 44
8.02219 45
8.02801 46
8.02914 45
8.0294 44
8.03509 43
8.04394 44
8.04951 45
8.05507 46
8.05571 45
8.05596 44
8.06203 45
8.06785 46
8.07367 47
8.07468 46
8.0805 45
8.08075 44
8.08631 43
8.08644 42
8.09555 43
8.10086 44
8.10643 45
8.11224 46
8.11262 45
8.11288 44
8.11313 43
8.11857 42
8.11882 41
8.12413 42
8.12945 43
8.13501 44
8.14058 45
8.14614 46
8.14677 45
8.14703 44
8.15373 45
8.15955 46
8.16537 47
8.16701 46
8.17283 45
8.17308 44
8.17334 43
8.17865 42
8.17877 41
8.17903 40
8.18535 41
8.19041 42
8.19572 43
8.20129 44
8.20685 45
8.21242 46
8.21508 45
8.21533 44
8.22077 43
8.22102 42
8.22785 43
8.23316 44
8.23873 45
8.24455 46
8.24543 45
8.24568 44
8.25353 45
8.25909 46
8.26314 45
8.26883 44
8.26908 43
8.27579 44
8.28135 45
8.28717 46
8.29097 45
8.29122 44
8.29666 43
8.30602 44
8.31158 45
8.3174 46
8.32006 45
8.32031 44
8.326 43
8.32625 42
8.33308 43
8.33865 44
8.34422 45
8.34978 46
8.35041 45
8.35067 44
8.35901 45
8.36458 46
8.36812 45
8.37394 44
8.37407 43
8.3795 42
8.37976 41
8.3876 42
8.39291 43
8.39822 44
8.40379 45
8.40961 46
8.40986 45
8.41011 44
8.41631 45
8.42213 46
8.42795 47
8.4301 46
8.43592 45
8.44173 44
8.44186 43
8.44211 42
8.44237 41
8.44831 42
8.45362 43
8.45894 44
8.4645 45
8.46551 44
8.46577 43
8.46602 42
8.4731 43
8.47867 44
8.48423 45
8.48702 44
8.48727 43
8.49435 44
8.49992 45
8.50574 46
8.50852 45
8.51434 44
8.51459 43
8.5242 44
8.52977 45
8.53559 46
8.53634 45
8.5366 44
8.54216 43
8.55216 44
8.55772 45
8.56329 46
8.56417 45
8.57012 44
8.57024 43
8.57631 44
8.58188 45
8.58744 46
8.592 45
8.59769 44
8.60338 43
8.60363 42
8.61122 43
8.61654 44
8.6221 45
8.62767 46
8.62868 45
8.62893 44
8.6345 43
8.64373 44
8.64929 45
8.65486 46
8.6565 45
8.66245 44
8.67371 45
8.67927 46
8.6818 45
8.68749 44
8.68775 43
8.6942 44
8.69976 45
8.70533 46
8.7071 45
8.70735 44
8.71292 43
8.72291 44
8.72847 45
8.73404 46
8.73492 45
8.73518 44
8.74163 45
8.74745 46
8.75326 47
8.7539 46
8.75415 45
8.75972 44
8.75997 43
8.76528 42
8.76553 41
8.77489 42
8.78021 43
8.78552 44
8.79108 45
8.7969 46
8.79817 45
8.79842 44
8.80386 43
8.81322 44
8.81878 45
8.82435 46
8.82599 45
8.83232 44
8.83257 43
8.83851 44
8.84408 45
8.8499 46
8.85508 45
8.86103 44
8.86116 43
8.86748 44
8.87305 45
8.87886 46
8.88165 45
8.8819 44
8.88734 43
8.88759 42
8.89518 43
8.90074 44
8.90631 45
8.91188 46
8.91327 45
8.91352 44
8.91921 43
8.93034 44
8.93591 45
8.94173 46
8.94236 45
8.94261 44
8.9483 43
8.95564 44
8.9612 45
8.96702 46
8.96892 45
8.97524 44
8.98359 45
8.98941 46
8.99523 47
8.99548 46
8.99573 45
9.0013 44
9.00687 43
9.00712 42
9.01749 43
9.02306 44
9.02862 45
9.03419 46
9.03469 45
9.03494 44
9.04304 45
9.04886 46
9.05468 47
9.05493 46
9.05518 45
9.06075 44
9.06631 43
9.06657 42
9.07441 43
9.07972 44
9.08529 45
9.0911 46
9.09161 45
9.09186 44
9.09743 43
9.10666 44
9.11223 45
9.11779 46
9.11944 45
9.12525 44
9.13082 43
9.13107 42
9.13689 43
9.1422 44
9.14777 45
9.15359 46
9.15485 45
9.16067 44
9.16623 43
9.17737 44
9.18293 45
9.18875 46
9.189 45
9.19495 44
9.19507 43
9.20051 44
9.20608 45
9.2119 46
9.21683 45
9.22277 44
9.23251 45
9.23833 46
9.24086 45
9.24111 44
9.24794 45
9.25376 46
9.25958 47
9.25983 46
9.26009 45
9.26552 44
9.26578 43
9.26603 42
9.27273 43
9.2783 44
9.28387 45
9.28943 46
9.29019 45
9.29044 44
9.29601 43
9.29613 42
9.30575 43
9.31106 44
9.31662 45
9.32244 46
9.32308 45
9.32333 44
9.32902 43
9.33711 44
9.34268 45
9.3485 46
9.34964 45
9.35558 44
9.36633 45
9.3719 46
9.37746 45
9.38328 44
9.38341 43
9.38885 42
9.3891 41
9.39593 42
9.40124 43
9.40681 44
9.41237 45
9.41794 46
9.4192 45
9.41946 44
9.42489 43
9.434 44
9.43957 45
9.44539 46
9.44703 45
9.45297 44
9.4531 43
9.4593 44
9.46486 45
9.47068 46
9.47486 45
9.4808 44
9.48093 43
9.48662 44
9.49218 45
9.49775 46
9.50142 45
9.50167 44
9.50724 43
9.51672 44
9.52229 45
9.52785 46
9.52924 45
9.5295 44
9.53519 43
9.54607 44
9.55163 45
9.5572 46
9.55834 45
9.55859 44
9.56428 43
9.57136 44
9.57693 45
9.58249 46
9.5849 45
9.59084 44
9.60033 45
9.60615 46
9.61146 45
9.61728 44
9.6174 43
9.62284 42
9.6231 41
9.63144 42
9.63676 43
9.64207 44
9.64763 45
9.65345 46
9.65446 45
9.65472 44
9.66028 43
9.66951 44
9.67508 45
9.68065 46
9.68482 45
9.69076 44
9.70202 45
9.70784 46
9.71012 45
9.71037 44
9.71593 43
9.72517 44
9.73073 45
9.73655 46
9.73794 45
9.7382 44
9.74376 43
9.75325 44
9.75881 45
9.76438 46
9.76577 45
9.77171 44
9.77184 43
9.77791 44
9.78348 45
9.7893 46
9.79107 45
9.79676 44
9.79701 43
9.80371 44
9.80928 45
9.81484 46
9.81763 45
9.82332 44
9.82357 43
9.83066 44
9.83622 45
9.84179 46
9.84292 45
9.84318 44
9.84887 43
9.85949 44
9.86506 45
9.87062 46
9.87202 45
9.87796 44
9.87809 43
9.88517 44
9.89074 45
9.89655 46
9.89858 45
9.90427 44
9.90452 43
9.9135 44
9.91907 45
9.92463 46
9.92514 45
9.92539 44
9.93083 43
9.94095 44
9.94651 45
9.95233 46
9.95297 45
9.95929 44
9.95954 43
9.96536 44
9.97093 45
9.97674 46
9.97953 45
9.98535 44
9.98547 43
9.99167 44
9.99723 45
10.0031 46
10.0036 45
10.0038 44
10.0117 45
10.0175 46
10.0225 45
10.0282 44
10.0285 43
10.0354 44
10.041 45
10.0466 46
10.0478 45
10.0481 44
10.0536 43
10.0538 42
10.0611 43
10.0664 44
10.072 45
10.0778 46
10.0782 45
10.0784 44
10.0855 45
10.0911 46
10.0969 47
10.0984 46
10.1042 45
10.1045 44
10.1101 43
10.1102 42
10.1201 43
10.1254 44
10.1309 45
10.1367 46
10.1376 45
10.1379 44
10.1436 43
10.1438 42
10.1441 41
10.1502 42
10.1555 43
10.161 44
10.1663 45
10.1722 46
10.173 45
10.1733 44
10.179 43
10.1881 44
10.1937 45
10.1995 46
10.2009 45
10.2068 44
10.2069 43
10.2138 44
10.2193 45
10.2249 46
10.2287 45
10.2344 44
10.2346 43
10.2401 42
10.2403 41
10.2469 42
10.2522 43
10.2578 44
10.2634 45
10.2689 46
10.2704 45
10.2761 44
10.2764 43
10.2818 42
10.2821 41
10.2874 42
10.2927 43
10.2983 44
10.3038 45
10.3094 46
10.3109 45
10.3167 44
10.3223 43
10.3226 42
10.3294 43
10.3349 44
10.3405 45
10.3461 46
10.3476 45
10.3534 44
10.359 43
10.3592 42
10.3651 43
10.3706 44
10.3762 45
10.3817 46
10.383 45
10.3887 44
10.3987 45
10.4043 46
10.4083 45
10.414 44
10.4143 43
10.4208 44
10.4264 45
10.4322 46
10.4349 45
10.4351 44
10.4406 45
10.4408 44
10.4411 43
10.4512 44
10.4568 45
10.4626 46
10.464 45
10.4642 44
10.4698 43
10.479 44
10.4846 45
10.4904 46
10.4943 45
10.5003 44
10.5095 45
10.5153 46
10.5196 45
10.5254 44
10.5256 43
10.531 42
10.5313 41
10.5315 40
10.5381 41
10.5431 42
10.5485 43
10.554 44
10.5596 45
10.5651 46
10.5664 45
10.5667 44
10.5722 43
10.5799 44
10.5855 45
10.5913 46
10.5917 45
10.592 44
10.5983 45
10.6039 46
10.6097 47
10.6107 46
10.6166 45
10.6169 44
10.6224 43
10.6226 42
10.6324 43
10.6377 44
10.6433 45
10.6491 46
10.6499 45
10.6501 44
10.6557 43
10.6558 42
10.6662 43
10.6718 44
10.6773 45
10.6829 46
10.684 45
10.6843 44
10.69 43
10.6976 44
10.7031 45
10.709 46
10.7106 45
10.7165 44
10.727 45
10.7329 46
10.7372 45
10.743 44
10.7431 43
10.7485 42
10.7488 41
10.7546 42
10.7599 43
10.7655 44
10.7711 45
10.7766 46
10.7776 45
10.7779 44
10.7835 43
10.7917 44
10.7972 45
10.8028 46
10.8042 45
10.8101 44
10.8103 43
10.8169 44
10.8224 45
10.8282 46
10.8308 45
10.8365 44
10.8367 43
10.8454 44
10.851 45
10.8566 46
10.8573 45
10.8576 44
10.863 43
10.8731 44
10.8787 45
10.8845 46
10.8852 45
10.8911 44
10.8912 43
10.8979 44
10.9035 45
10.9091 46
10.9117 45
10.918 44
10.9183 43
10.9244 44
10.9299 45
10.9355 46
10.9383 45
10.9441 44
10.9442 43
10.9535 44
10.959 45
10.9648 46
10.9661 45
10.9664 44
10.9718 43
10.9819 44
10.9875 45
10.9933 46
10.9939 45
10.9942 44
11.001 45
11.0066 46
11.0104 45
11.0162 44
11.0218 43
11.022 42
11.0306 43
11.0362 44
11.0417 45
11.0473 46
11.0483 45
11.0486 44
11.0541 43
11.0611 44
11.0667 45
11.0722 46
11.0736 45
11.0796 44
11.0888 45
11.0946 46
11.0989 45
11.1047 44
11.1103 43
11.1105 42
11.1197 43
11.1252 44
11.1308 45
11.1363 46
11.1369 45
11.1371 44
11.1427 43
11.1511 44
11.1567 45
11.1623 46
11.1634 45
11.1694 44
11.1796 45
11.1852 46
11.19 45
11.1958 44
11.2014 43
11.2016 42
11.2112 43
11.2168 44
11.2224 45
11.2279 46
11.2292 45
11.2294 44
11.2349 43
11.2437 44
11.2493 45
11.2549 46
11.2558 45
11.256 44
11.2617 43
11.2685 44
11.2741 45
11.2799 46
11.2823 45
11.2883 44
11.297 45
11.3025 46
11.3063 45
11.312 44
11.3123 43
11.3198 44
11.3253 45
11.3309 46
11.3342 45
11.3344 44
11.3399 43
11.3495 44
11.355 45
11.3609 46
11.362 45
11.3623 44
11.3679 43
11.3682 42
11.3743 43
11.3798 44
11.3854 45
11.391 46
11.3924 45
11.3926 44
11.3983 43
11.4049 44
11.4104 45
11.4163 46
11.4189 45
11.4252 44
11.4343 45
11.4399 46
11.4455 45
11.4512 44
11.4569 43
11.4571 42
11.4574 41
11.4629 42
11.4682 43
11.4738 44
11.4794 45
11.4849 46
11.486 45
11.4862 44
11.4918 43
11.5008 44
11.5063 45
11.5121 46
11.515 45
11.521 44
11.5306 45
11.5362 46
11.5416 45
11.5475 44
11.5588 45
11.5646 46
11.5682 45
11.5684 44
11.5739 43
11.5741 42
11.5804 43
11.586 44
11.5916 45
11.5971 46
11.5985 45
11.5988 44
11.6045 43
11.6047 42
11.6113 43
11.6169 44
11.6224 45
11.628 46
11.6289 45
11.6291 44
11.6348 43
11.6434 44
11.649 45
11.6548 46
11.6554 45
11.6618 44
11.662 43
11.6678 44
11.6734 45
11.6792 46
11.6833 45
11.689 44
11.6892 43
11.6945 44
11.7001 45
11.7059 46
11.7111 45
11.717 44
11.7172 43
11.725 44
11.7306 45
11.7364 46
11.7389 45
11.7392 44
11.7447 43
11.7449 42
11.7527 43
11.758 44
11.7636 45
11.7694 46
11.7705 45
11.7708 44
11.7765 43
11.7871 44
11.7927 45
11.7985 46
11.7996 45
11.8056 44
11.8057 43
11.8125 44
11.8178 45
11.8237 46
11.8275 45
11.8332 44
11.8388 43
11.8391 42
11.85 43
11.8553 44
11.8609 45
11.8667 46
11.8679 45
11.8682 44
11.8736 43
11.882 44
11.8875 45
11.8934 46
11.8945 45
11.9004 44
11.9006 43
11.9082 44
11.9137 45
11.9193 46
11.9211 45
11.9267 44
11.927 43
11.9331 44
11.9386 45
11.9442 46
11.9475 45
11.9574 46
11.9632 47
11.9641 46
11.9643 45
11.9698 44
11.97 43
11.9767 44
11.9823 45
11.9881 46
11.9894 45
11.9896 44
11.995 43
11.9953 42
12.0042 43
12.0095 44
12.015 45
12.0209 46
12.0222 45
12.0225 44
12.0279 43
12.0381 44
12.0436 45
12.0492 46
12.0501 45
12.056 44
12.0561 43
12.063 44
12.0685 45
12.0741 46
12.0766 45
12.0823 44
12.0826 43
12.089 44
12.0946 45
12.1004 46
12.1045 45
12.1102 44
12.1104 43
12.1158 42
12.1161 41
12.1239 42
12.1292 43
12.1348 44
12.1404 45
12.1459 46
12.1475 45
12.1477 44
12.1532 43
12.1618 44
12.1673 45
12.1729 46
12.1753 45
12.1812 44
12.1814 43
12.1874 44
12.193 45
12.1986 46
12.2006 45
12.2008 44
12.2063 43
12.2151 44
12.2207 45
12.2265 46
12.2271 45
12.2274 44
12.2331 43
12.2425 44
12.248 45
12.2536 46
12.255 45
12.2613 44
12.2616 43
12.2681 44
12.2737 45
12.2795 46
12.2815 45
12.2872 44
12.2981 45
12.3039 46
12.3081 45
12.314 44
12.3238 45
12.3293 46
12.3334 45
12.3391 44
12.3393 43
12.3483 44
12.3539 45
12.3594 46
12.3625 45
12.3627 44
12.3682 43
12.3684 42
12.3768 43
12.3821 44
12.3877 45
12.3935 46
12.3941 45
12.3944 44
12.4001 43
12.4003 42
12.4066 43
12.4122 44
12.4178 45
12.4233 46
12.4245 45
12.4308 44
12.4422 45
12.4477 46
12.451 45
12.4567 44
12.4665 45
12.4723 46
12.4751 45
12.4753 44
12.4807 43
12.481 42
12.4866 43
12.4921 44
12.4977 45
12.5033 46
12.5041 45
12.5044 44
12.5101 43
12.52 44
12.5255 45
12.5311 46
12.532 45
12.5322 44
12.5379 43
12.544 44
12.5496 45
12.5554 46
12.5598 45
12.5657 44
12.5755 45
12.5813 46
12.5838 45
12.5841 44
12.5895 43
12.5984 44
12.6039 45
12.6095 46
12.6104 45
12.6106 44
12.6163 43
12.6265 44
12.632 45
12.6378 46
12.6382 45
12.6385 44
12.6442 43
12.651 44
12.6566 45
12.6624 46
12.666 45
12.672 44
12.6827 45
12.6886 46
12.6913 45
12.697 44
12.6973 43
12.7046 44
12.7102 45
12.7158 46
12.7179 45
12.7182 44
12.7239 43
12.7335 44
12.739 45
12.7448 46
12.7457 45
12.746 44
12.7517 43
12.7605 44
12.7661 45
12.7719 46
12.7736 45
12.7795 44
12.7796 43
12.7854 44
12.791 45
12.7966 46
12.7989 45
12.8047 44
12.8048 43
12.8102 42
12.8206 43
12.8262 44
12.8317 45
12.8373 46
12.8381 45
12.8383 44
12.844 43
12.8508 44
12.8564 45
12.862 46
12.8646 45
12.8706 44
12.8793 45
12.8849 46
12.8907 47
12.8912 46
12.8914 45
12.8971 44
12.8974 43
12.9038 44
12.9094 45
12.915 46
12.919 45
12.9191 44
12.9248 43
12.9251 42
12.9322 43
12.9375 44
12.943 45
12.9443 44
12.9446 43
12.9544 44
12.96 45
12.9658 46
12.9671 45
12.9673 44
12.9729 43
12.9816 44
12.9872 45
12.993 46
12.9936 45
12.9939 44
12.9996 43
13.0059 44
13.0115 45
13.0173 46
13.0189 45
13.0249 44
13.0331 45
13.0389 46
13.0442 45
13.0501 44
13.0502 43
13.0556 42
13.0559 41
13.0627 42
13.068 43
13.0736 44
13.0791 45
13.0847 46
13.086 45
13.0862 44
13.0917 43
13.1005 44
13.1061 45
13.1119 46
13.1138 45
13.1197 44
13.1199 43
13.1254 44
13.131 45
13.1368 46
13.1391 45
13.1449 44
13.145 43
13.1505 42
13.1507 41
13.1591 42
13.1644 43
13.1697 44
13.1753 45
13.1811 46
13.1821 45
13.1879 44
13.188 43
13.1935 42
13.2021 43
13.2074 44
13.213 45
13.2188 46
13.22 45
13.2259 44
13.2314 43
13.2317 42
13.2372 43
13.2428 44
13.2484 45
13.2539 46
13.2555 45
13.2612 44
13.271 45
13.2766 46
13.282 45
13.2877 44
13.288 43
13.2939 44
13.2995 45
13.3053 46
13.3073 45
13.3076 44
13.3131 43
13.3226 44
13.3282 45
13.334 46
13.3351 45
13.3354 44
13.3411 43
13.3499 44
13.3555 45
13.3613 46
13.3617 45
13.362 44
13.3678 45
13.3736 46
13.3794 47
13.3807 46
13.3865 45
13.3868 44
13.3923 43
13.3924 42
13.4021 43
13.4076 44
13.4132 45
13.4188 46
13.4199 45
13.4201 44
13.4314 45
13.437 46
13.4414 45
13.4416 44
13.4473 43
13.457 44
13.4625 45
13.4681 46
13.4692 45
13.4695 44
13.4752 43
13.4754 42
13.4833 43
13.4886 44
13.4941 45
13.4997 46
13.5008 45
13.5011 44
13.5068 43
13.5151 44
13.5207 45
13.5265 46
13.5287 45
13.5345 44
13.5444 45
13.5499 46
13.5552 45
13.561 44
13.5612 43
13.5666 42
13.5669 41
13.5747 42
13.58 43
13.5856 44
13.5912 45
13.5967 46
13.5982 45
13.5985 44
13.6039 43
13.612 44
13.6176 45
13.6232 46
13.6248 45
13.6307 44
13.6309 43
13.6377 44
13.6433 45
13.6491 46
13.6514 45
13.6572 44
13.6573 43
13.6627 42
13.663 41
13.6691 42
13.6744 43
13.6797 44
13.6853 45
13.6911 46
13.6918 45
13.6921 44
13.6975 43
13.7044 44
13.7099 45
13.7155 46
13.7171 45
13.7231 44
13.7232 43
13.7295 44
13.7351 45
13.7407 46
13.745 45
13.7506 44
13.7509 43
13.7563 42
13.7566 41
13.7634 42
13.7687 43
13.774 44
13.7796 45
13.7854 46
13.7867 45
13.7869 44
13.7925 43
13.8 44
13.8055 45
13.8114 46
13.812 45
13.8179 44
13.8181 43
13.824 44
13.8296 45
13.8354 46
13.8411 45
13.8468 44
13.8577 45
13.8632 46
13.8664 45
13.8666 44
13.8723 43
13.8726 42
13.8817 43
13.8873 44
13.8928 45
13.8984 46
13.8993 45
13.8995 44
13.9052 43
13.9158 44
13.9214 45
13.927 46
13.9284 45
13.9343 44
13.9344 43
13.9408 44
13.9463 45
13.9519 46
13.9549 45
13.9606 44
13.9609 43
13.9663 44
13.9719 45
13.9774 46
13.9827 45
13.9884 44
13.9887 43
13.9941 42
13.9944 41
14.003 42
14.0083 43
14.0139 44
14.0194 45
14.025 46
14.0258 45
14.026 44
14.0314 43
14.0317 42
14.0375 43
14.0431 44
14.0486 45
14.0542 46
14.0548 45
14.0551 44
14.0608 43
14.0681 44
14.0737 45
14.0795 46
14.0814 45
14.0873 44
14.0961 45
14.1019 46
14.1075 47
14.108 46
14.1082 45
14.1138 44
14.1193 43
14.1196 42
14.1199 41
14.1257 42
14.131 43
14.1363 44
14.1419 45
14.1477 46
14.1484 45
14.1487 44
14.1541 43
14.1643 44
14.1698 45
14.1754 46
14.1763 45
14.1765 44
14.1822 43
14.189 44
14.1946 45
14.2004 46
14.2028 45
14.2088 44
14.2175 45
14.2233 46
14.2269 45
14.2327 44
14.2328 43
14.2382 42
14.2385 41
14.2443 42
14.2496 43
14.2549 44
14.2605 45
14.2663 46
14.2673 45
14.2676 44
14.2742 45
14.2797 46
14.2855 47
14.2863 46
14.2866 45
14.2921 44
14.2924 43
14.2977 42
14.2979 41
14.306 42
14.3114 43
14.3167 44
14.3222 45
14.328 46
14.3293 45
14.3296 44
14.335 43
14.3439 44
14.3494 45
14.3552 46
14.3571 45
14.3631 44
14.3743 45
14.3799 46
14.385 45
14.3908 44
14.3963 43
14.3966 42
14.3969 41
14.4029 42
14.4082 43
14.4136 44
14.4191 45
14.4249 46
14.4254 45
14.4257 44
14.4311 43
14.4418 44
14.4473 45
14.4531 46
14.4545 45
14.4605 44
14.4606 43
14.4662 44
14.4717 45
14.4776 46
14.4798 45
14.4856 44
14.4858 43
14.4912 42
14.5016 43
14.5069 44
14.5125 45
14.518 46
14.519 45
14.5193 44
14.5247 43
14.5326 44
14.5381 45
14.5437 46
14.5456 45
14.5515 44
14.5517 43
14.5575 44
14.5631 45
14.5686 46
14.5709 45
14.5772 44
14.5775 43
14.5833 44
14.5889 45
14.5947 46
14.5987 45
14.6044 44
14.6047 43
14.6101 42
14.6104 41
14.6177 42
14.623 43
14.6283 44
14.6339 45
14.6397 46
14.6405 45
14.6407 44
14.6462 43
14.6558 44
14.6613 45
14.6672 46
14.6708 45
14.6768 44
14.6855 45
14.6911 46
14.6949 45
14.7005 44
14.7008 43
14.7009 42
14.707 43
14.7126 44
14.7181 45
14.7237 46
14.7252 45
14.7255 44
14.7309 43
14.7312 42
14.7377 43
14.743 44
14.7486 45
14.7544 46
14.7556 45
14.7558 44
14.7615 43
14.7699 44
14.7754 45
14.7812 46
14.7821 45
14.7881 44
14.7882 43
14.7943 44
14.7998 45
14.8057 46
14.81 45
14.8156 44
14.8213 43
14.8216 42
14.8307 43
14.8363 44
14.8418 45
14.8474 46
14.8479 45
14.8481 44
14.8552 45
14.8608 46
14.8631 45
14.8694 44
14.8697 43
14.8765 44
14.882 45
14.8876 46
14.8909 45
14.8966 44
14.8968 43
14.9048 44
14.9104 45
14.9159 46
14.92 45
14.9257 44
14.9259 43
14.9339 44
14.9395 45
14.9453 44
14.9552 45
14.9607 46
14.9655 45
14.9713 44
14.9715 43
14.9716 42
14.9769 41
14.9772 40
14.9865 41
14.9918 42
14.9971 43
15.0025 44
15.008 45
15.0138 46
15.0149 45
15.0151 44
15.0207 43
15.0291 44
15.0347 45
15.0403 46
15.0414 45
15.0524 46
15.0541 45
15.0543 44
15.06 43
15.0691 44
15.0747 45
15.0802 46
15.0819 45
15.0878 44
15.088 43
15.0935 44
15.0991 45
15.1049 46
15.1085 45
15.1143 44
15.1144 43
15.1198 42
15.1201 41
15.1269 42
15.1322 43
15.1378 44
15.1434 45
15.1489 46
15.1502 45
15.1504 44
15.1559 43
15.1635 44
15.169 45
15.1746 46
15.1755 45
15.1757 44
15.1814 43
15.1875 44
15.1931 45
15.1989 46
15.2021 45
15.208 44
15.2155 45
15.2213 46
15.2261 45
15.2318 44
15.232 43
15.24 44
15.2456 45
15.2514 46
15.2526 45
15.2529 44
15.2585 43
15.2586 42
15.2657 43
15.271 44
15.2766 45
15.2824 46
15.283 45
15.2833 44
15.2889 43
15.2973 44
15.3029 45
15.3084 46
15.3108 45
15.3168 44
15.326 45
15.3318 46
15.3349 45
15.3406 44
15.3408 43
15.3473 44
15.3528 45
15.3586 46
15.3614 45
15.3617 44
15.3671 43
15.3765 44
15.382 45
15.3879 46
15.3892 45
15.3895 44
15.3952 43
15.3954 42
15.4015 43
15.4071 44
15.4126 45
15.4182 46
15.4196 45
15.4255 44
15.4257 43
15.4323 44
15.4378 45
15.4434 46
15.4462 45
15.4519 44
15.4521 43
15.4582 44
15.4637 45
15.4693 46
15.4715 45
15.4717 44
15.4774 43
15.4863 44
15.4918 45
15.4976 46
15.4993 45
15.4995 44
15.5052 43
15.5131 44
15.5186 45
15.5242 46
15.5271 45
15.5331 44
15.5436 45
15.5494 46
15.5549 45
15.5608 44
15.5609 43
15.5663 42
15.5666 41
15.5668 40
15.5734 41
15.5785 42
15.5838 43
15.5893 44
15.5949 45
15.6005 46
15.6017 45
15.602 44
15.6076 43
15.6163 44
15.6219 45
15.6274 46
15.6296 45
15.6353 44
15.641 43
15.6412 42
15.6496 43
15.6549 44
15.6604 45
15.6662 46
15.6675 45
15.6732 44
15.6837 45
15.6893 46
15.6928 45
15.6986 44
15.6988 43
15.7042 42
15.7044 41
15.712 42
15.7173 43
15.7227 44
15.7282 45
15.734 46
15.7345 45
15.7348 44
15.7411 45
15.7469 46
15.7528 47
15.7535 46
15.7593 45
15.7596 44
15.7652 43
15.7653 42
15.7655 41
15.7724 42
15.7777 43
15.783 44
15.7886 45
15.7944 46
15.7953 45
15.7955 44
15.8012 43
15.8015 42
15.8017 41
15.8073 42
15.8126 43
15.8179 44
15.8235 45
15.8255 44
15.8257 43
15.8317 44
15.8373 45
15.8428 46
15.8459 45
15.8515 44
15.8618 45
15.8676 46
15.8724 45
15.8781 44
15.8784 43
15.8838 42
15.8841 41
15.8927 42
15.898 43
15.9033 44
15.9088 45
15.9147 46
15.9154 45
15.9157 44
15.9211 43
15.93 44
15.9355 45
15.9414 46
15.942 45
15.9479 44
15.9481 43
15.9545 44
15.9601 45
15.9656 46
15.9698 45
15.9758 44
15.985 45
15.9906 46
15.9938 45
15.9941 44
15.9995 43
15.9998 42
16.0066 43
16.0122 44
16.0177 45
16.0233 46
16.0242 45
16.0245 44
16.0333 45
16.0391 46
16.0449 47
16.0457 46
16.046 45
16.0516 44
16.0609 45
16.0664 46
16.0723 45
16.0725 44
16.078 43
16.0883 44
16.0939 45
16.0997 46
16.1001 45
16.1003 44
16.1006 43
16.106 42
16.1063 41
16.1129 42
16.1182 43
16.1235 44
16.1291 45
16.1303 44
16.1306 43
16.1378 44
16.1433 45
16.1492 46
16.1519 45
16.1576 44
16.1579 43
16.1633 42
16.1737 43
16.1793 44
16.1848 45
16.1904 46
16.1912 45
16.197 44
16.1971 43
16.2025 42
16.2106 43
16.2159 44
16.2215 45
16.2273 46
16.2278 45
16.2342 44
16.2438 45
16.2496 46
16.2531 45
16.2588 44
16.2591 43
16.2645 44
16.2701 45
16.2756 46
16.2797 45
16.2854 44
16.2856 43
16.2911 42
16.2913 41
16.302 42
16.3073 43
16.3126 44
16.3181 45
16.324 46
16.3252 45
16.3255 44
16.3309 43
16.3385 44
16.3441 45
16.3496 46
16.3531 45
16.3587 44
16.3681 45
16.3737 46
16.3794 47
16.3796 46
16.3799 45
16.3856 44
16.3858 43
16.3915 44
16.3971 45
16.4029 46
16.4062 45
16.4064 44
16.4119 43
16.4121 42
16.4202 43
16.4258 44
16.4313 45
16.4369 46
16.4378 45
16.4381 44
16.4437 43
16.444 42
16.4521 43
16.4574 44
16.463 45
16.4688 46
16.4694 45
16.4697 44
16.4765 45
16.4823 46
16.4846 45
16.4904 44
16.4905 43
16.496 42
16.5058 43
16.5112 44
16.5167 45
16.5225 46
16.5238 45
16.5296 44
16.5298 43
16.5352 42
16.5435 43
16.5489 44
16.5544 45
16.5602 46
16.5605 45
16.5664 44
16.5771 45
16.5829 46
16.5944 45
16.5946 44
16.6039 45
16.6094 46
16.6149 45
16.6151 44
16.6208 43
16.6211 42
16.6213 41
16.6302 42
16.6355 43
16.6408 44
16.6464 45
16.6522 46
16.6528 45
16.6531 44
16.6643 45
16.6699 46
16.6756 45
16.6815 44
16.6817 43
16.689 44
16.6946 45
16.7001 46
16.7022 45
16.7024 44
16.7078 43
16.7081 42
16.7182 43
16.7238 44
16.7293 45
16.7349 46
16.7363 45
16.7366 44
16.7422 43
16.7529 44
16.7584 45
16.7643 46
16.7654 45
16.7656 44
16.7713 43
16.7782 44
16.7837 45
16.7896 46
16.7907 45
16.797 44
16.8074 45
16.813 46
16.8173 45
16.8229 44
16.8327 45
16.8382 46
16.84 45
16.8403 44
16.8457 43
16.846 42
16.853 43
16.8586 44
16.8642 45
16.8697 46
16.8704 45
16.8706 44
16.8763 43
16.8864 44
16.892 45
16.8978 46
16.8982 45
16.8985 44
16.9041 43
16.91 44
16.9155 45
16.9213 46
16.9235 45
16.9294 44
16.9377 45
16.9432 46
16.9475 45
16.9532 44
16.963 45
16.9688 46
16.9703 45
16.9706 44
16.976 43
16.9762 42
16.9831 43
16.9886 44
16.9942 45
16.9998 46
17.0007 45
17.0009 44
17.0081 45
17.0139 46
17.0198 47
17.0209 46
17.0211 45
17.0266 44
17.0366 45
17.0421 46
17.0475 45
17.0477 44
17.0533 43
17.0534 42
17.061 43
17.0663 44
17.0719 45
17.0777 46
17.0791 45
17.0793 44
17.0848 43
17.085 42
17.0946 43
17.0999 44
17.1055 45
17.1113 46
17.112 45
17.1122 44
17.1193 45
17.1249 46
17.1307 47
17.1309 46
17.1312 45
17.1366 44
17.1462 45
17.1521 46
17.1537 45
17.154 44
17.1624 45
17.168 46
17.1727 45
17.179 44
17.1792 43
17.1904 44
17.1959 45
17.2016 46
17.2018 45
17.202 44
17.2131 45
17.2187 46
17.222 45
17.2283 44
17.2286 43
17.2364 44
17.242 45
17.2476 46
17.2486 45
17.2488 44
17.2544 43
17.2545 42
17.2606 43
17.2659 44
17.2715 45
17.2773 46
17.2777 45
17.2779 44
17.2842 45
17.2898 46
17.2941 45
17.2998 44
17.3109 45
17.3165 46
17.3194 45
17.3196 44
17.3253 43
17.3329 44
17.3385 45
17.3441 46
17.3447 45
17.3449 44
17.3506 43
17.3605 44
17.3661 45
17.3719 46
17.3738 45
17.3797 44
17.3799 43
17.3862 44
17.3917 45
17.3973 46
17.4003 45
17.406 44
17.4063 43
17.4117 44
17.4173 45
17.4231 46
17.4269 45
17.4326 44
17.4328 43
17.4406 44
17.4461 45
17.4517 46
17.4547 45
17.455 44
17.4604 43
17.4607 42
17.4683 43
17.4736 44
17.4791 45
17.485 46
17.4864 45
17.4866 44
17.4922 43
17.5029 44
17.5085 45
17.5143 46
17.5154 45
17.5157 44
17.5214 45
17.527 46
17.5326 47
17.5332 46
17.5334 45
17.539 44
17.5464 45
17.5523 46
17.5547 45
17.5549 44
17.5606 43
17.5609 42
17.5669 43
17.5722 44
17.5778 45
17.5836 46
17.585 45
17.5853 44
17.5907 43
17.5998 44
17.6054 45
17.6109 46
17.6128 45
17.6188 44
17.6189 43
17.6252 44
17.6308 45
17.6366 46
17.6394 45
17.6451 44
17.6453 43
17.6522 44
17.6577 45
17.6633 46
17.666 45
17.6662 44
17.6718 43
17.6805 44
17.6861 45
17.6916 46
17.6925 45
17.6928 44
17.6985 43
17.7078 44
17.7134 45
17.7192 46
17.7216 45
17.7276 44
17.7375 45
17.7431 46
17.7469 45
17.7532 44
17.7535 43
17.7613 44
17.7669 45
17.7727 46
17.776 45
17.7763 44
17.7817 43
17.7908 44
17.7964 45
17.8019 46
17.8026 45
17.8028 44
17.8085 43
17.8088 42
17.8156 43
17.8212 44
17.8267 45
17.8323 46
17.8329 45
17.8332 44
17.839 45
17.8448 46
17.8494 45
17.8551 44
17.8643 45
17.8699 46
17.8757 47
17.8759 46
17.8762 45
17.8816 44
17.8819 43
17.8895 44
17.895 45
17.9008 46
17.9012 45
17.9015 44
17.9072 43
17.9074 42
17.915 43
17.9206 44
17.9261 45
17.9317 46
17.9328 45
17.9331 44
17.9388 43
17.9464 44
17.9519 45
17.9575 46
17.9594 45
17.9653 44
17.9655 43
17.9715 44
17.9771 45
17.9829 46
17.9872 45
17.9929 44
17.9932 43
17.9986 42
17.9989 41
18.0057 42
18.011 43
18.0163 44
18.0219 45
18.0277 46
18.029 45
18.0292 44
18.0347 43
18.0425 44
18.0481 45
18.0536 46
18.0555 45
18.0615 44
18.0616 43
18.0687 44
18.0743 45
18.0798 46
18.0808 45
18.0811 44
18.0866 43
18.0951 44
18.1007 45
18.1065 46
18.1087 45
18.1146 44
18.1147 43
18.1208 44
18.1264 45
18.1322 46
18.1365 45
18.1422 44
18.1424 43
18.1479 42
18.1481 41
18.1557 42
18.161 43
18.1666 44
18.1721 45
18.1777 46
18.1795 45
18.1797 44
18.1852 43
18.1928 44
18.1983 45
18.2039 46
18.206 45
18.212 44
18.2121 43
18.2189 44
18.2245 45
18.2301 46
18.2326 45
18.2329 44
18.2383 43
18.2469 44
18.2525 45
18.258 46
18.2592 45
18.2593 44
18.2666 45
18.2722 46
18.2769 45
18.2828 44
18.2829 43
18.2895 44
18.2951 45
18.3007 46
18.3047 45
18.305 44
18.3104 43
18.3106 42
18.3213 43
18.3268 44
18.3322 45
18.338 46
18.3389 45
18.3391 44
18.3448 43
18.3451 42
18.3521 43
18.3577 44
18.3633 45
18.3688 46
18.3705 45
18.3763 44
18.3764 43
18.383 44
18.3883 45
18.3941 46
18.397 45
18.403 44
18.4142 45
18.4198 46
18.4223 45
18.4226 44
18.428 43
18.4384 44
18.444 45
18.4495 46
18.4502 45
18.4504 44
18.4584 45
18.4639 46
18.4691 45
18.4751 44
18.4752 43
18.4841 44
18.4896 45
18.4952 46
18.4982 45
18.4985 44
18.5039 43
18.5042 42
18.51 43
18.5156 44
18.5211 45
18.5267 46
18.5273 45
18.5276 44
18.5333 43
18.5335 42
18.5403 43
18.5459 44
18.5515 45
18.557 46
18.5577 45
18.5579 44
18.564 45
18.5696 46
18.5703 45
18.5766 44
18.5769 43
18.5835 44
18.589 45
18.5949 46
18.5969 45
18.6026 44
18.6136 45
18.6194 46
18.6247 45
18.631 44
18.6313 43
18.6381 44
18.6434 45
18.6492 46
18.6525 45
18.6527 44
18.6582 43
18.6584 42
18.6642 43
18.6695 44
18.675 45
18.6766 44
18.6768 43
18.6859 44
18.6915 45
18.6973 46
18.6981 45
18.6983 44
18.704 43
18.7131 44
18.7187 45
18.7243 46
18.7259 45
18.7318 44
18.7421 45
18.7477 46
18.7525 45
18.7583 44
18.7584 43
18.7638 42
18.7641 41
18.7717 42
18.777 43
18.7826 44
18.7881 45
18.7937 46
18.7955 45
18.8012 44
18.8014 43
18.8094 44
18.8149 45
18.8208 46
18.822 45
18.8223 44
18.8286 45
18.8342 46
18.84 47
18.841 46
18.8412 45
18.8468 44
18.8524 43
18.8526 42
18.8529 41
18.8597 42
18.865 43
18.8706 44
18.8762 45
18.8817 46
18.8827 45
18.883 44
18.8886 43
18.8993 44
18.9049 45
18.9107 46
18.9118 45
18.9178 44
18.9179 43
18.9245 44
18.93 45
18.9359 46
18.9384 45
18.9441 44
18.9443 43
18.9513 44
18.9569 45
18.9624 46
18.9662 45
18.9719 44
18.9722 43
18.9776 42
18.9779 41
18.9872 42
18.9925 43
18.9978 44
19.0034 45
19.0092 46
19.0105 45
19.0107 44
19.0163 43
19.0243 44
19.0298 45
19.0354 46
19.0383 45
19.0443 44
19.0444 43
19.0512 44
19.0568 45
19.0626 46
19.0649 45
19.0651 44
19.0707 43
19.0814 44
19.087 45
19.0928 46
19.094 45
19.0942 44
19.1002 45
19.1057 46
19.1115 47
19.1129 46
19.1132 45
19.1186 44
19.1243 43
19.1246 42
19.1344 43
19.14 44
19.1456 45
19.1511 46
19.1521 45
19.1524 44
19.158 43
19.1581 42
19.1642 43
19.1695 44
19.175 45
19.1809 46
19.1812 45
19.1815 44
19.1872 43
19.1948 44
19.2003 45
19.2062 46
19.2091 45
19.215 44
19.2263 45
19.2318 46
19.2356 45
19.2414 44
19.2416 43
19.247 42
19.2473 41
19.2531 42
19.2584 43
19.2637 44
19.2693 45
19.2751 46
19.2761 45
19.2764 44
19.2819 43
19.2901 44
19.2957 45
19.3015 46
19.3027 45
19.3137 46
19.3153 45
19.3213 44
19.3214 43
19.3297 44
19.3353 45
19.3411 46
19.3419 45
19.3421 44
19.3476 43
19.3564 44
19.362 45
19.3675 46
19.3684 45
19.3744 44
19.3745 43
19.3806 44
19.3861 45
19.3917 46
19.395 45
19.4013 44
19.4016 43
19.4092 44
19.4147 45
19.4203 46
19.4216 45
19.4218 44
19.4274 43
19.4356 44
19.4412 45
19.447 46
19.4481 45
19.4541 44
19.4542 43
19.4615 44
19.4671 45
19.4727 46
19.4759 45
19.4816 44
19.4819 43
19.4873 42
19.4876 41
19.4934 42
19.4987 43
19.5043 44
19.5096 45
19.5154 46
19.5164 45
19.5167 44
19.5222 43
19.5289 44
19.5345 45
19.5403 46
19.5417 45
19.5475 44
19.5531 43
19.5534 42
19.5599 43
19.5652 44
19.5708 45
19.5766 46
19.5771 45
19.5828 44
19.5936 45
19.5991 46
19.605 45
19.6108 44
19.6163 43
19.6166 42
19.6247 43
19.6303 44
19.6358 45
19.6414 46
19.6429 45
19.6432 44
19.6487 43
19.6567 44
19.6623 45
19.6678 46
19.6695 45
19.6754 44
19.6755 43
19.6814 44
19.6869 45
19.6925 46
19.696 45
19.7018 44
19.702 43
19.7074 42
19.7077 41
19.713 42
19.7183 43
19.7239 44
19.7292 45
19.735 46
19.7352 45
19.7355 44
19.7426 45
19.7481 46
19.7541 47
19.7542 46
19.7545 45
19.7603 44
19.7674 45
19.7729 46
19.7787 47
19.7795 46
19.7798 45
19.7853 44
19.7856 43
19.7909 42
19.7911 41
19.7914 40
19.7985 41
19.8035 42
19.8089 43
19.8142 44
19.8197 45
19.8255 46
19.8263 45
19.8266 44
19.8343 45
19.8401 46
19.8459 47
19.8478 46
19.8536 45
19.8539 44
19.8594 43
19.8596 42
19.8598 41
19.8669 42
19.8722 43
19.8778 44
19.8834 45
19.8889 46
19.8908 45
19.8911 44
19.8966 43
19.8968 42
19.9068 43
19.9121 44
19.9176 45
19.9235 46
19.9237 45
19.924 44
19.9318 45
19.9376 46
19.9434 47
19.9439 46
19.9442 45
19.9498 44
19.9553 43
19.9556 42
19.9642 43
19.9695 44
19.9751 45
19.9809 46
19.9819 45
19.9821 44
19.9877 43
19.9987 44
