5.16002 10
5.32022 11
5.32047 13
5.32073 15
5.32098 17
5.32123 19
5.48042 21
5.49191 23
5.50033 25
5.50876 27
5.51719 29
5.52562 31
5.53404 33
5.54247 35
5.5509 37
5.64062 39
5.64919 41
5.65735 43
5.66476 45
5.67181 47
5.67829 49
5.68428 51
5.69006 53
5.69562 55
5.70082 57
5.70585 59
5.71073 61
5.71546 63
5.72005 65
5.72463 67
5.72922 69
5.73381 71
5.7384 73
5.80082 75
5.80541 77
5.81001 79
5.81434 81
5.81867 83
5.82276 85
5.82685 87
5.83072 89
5.83449 91
5.83817 93
5.84176 95
5.84526 97
5.84861 99
5.85188 101
5.85509 103
5.85822 105
5.86129 107
5.86424 109
5.86718 111
5.87002 113
5.8728 115
5.87553 117
5.87822 119
5.88085 121
5.8834 123
5.88595 125
5.88842 127
5.89085 129
5.89324 131
5.89559 133
5.89791 135
5.9002 137
5.90245 139
5.9047 141
5.90696 143
5.90921 145
5.96102 147
5.9633 149
5.96561 151
5.96783 153
5.97021 155
5.97235 157
5.97454 159
5.97662 161
5.97887 163
5.98089 165
5.98296 167
5.98492 169
5.98705 171
5.98896 173
5.99092 175
5.99278 177
5.99469 179
5.99651 181
5.99837 183
6.00014 185
6.00196 187
6.00369 189
6.00546 191
6.00716 193
6.00885 195
6.01051 197
6.01216 199
6.01378 201
6.0154 203
6.01699 205
6.01858 207
6.02013 209
6.02169 211
6.02321 213
6.02473 215
6.02623 217
6.02772 219
6.02919 221
6.03066 223
6.0321 225
6.03354 227
6.03495 229
6.03636 231
6.03775 233
6.03913 235
6.04049 237
6.04185 239
6.04319 241
6.04452 243
6.04584 245
6.04714 247
6.04844 249
6.04972 251
6.051 253
6.05227 255
6.05352 257
6.05476 259
6.05599 261
6.05721 263
6.05843 265
6.05962 267
6.06082 269
6.062 271
6.06318 273
6.06435 275
6.0655 277
6.06665 279
6.06778 281
6.06891 283
6.07004 285
6.07115 287
6.07226 289
6.12122 291
6.12236 293
6.1235 295
6.12462 297
6.12581 299
6.12691 301
6.12802 303
6.12911 305
6.13041 307
6.13148 309
6.13255 311
6.1336 313
6.13474 315
6.13577 317
6.13682 319
6.13784 321
6.13907 323
6.14007 325
6.14109 327
6.14208 329
6.14316 331
6.14413 333
6.14512 335
6.14608 337
6.14725 339
6.1482 341
6.14916 343
6.1501 345
6.15112 347
6.15204 349
6.15298 351
6.1539 353
6.15489 355
6.1558 357
6.15671 359
6.1576 361
6.15857 363
6.15945 365
6.16034 367
6.16122 369
6.16216 371
6.16302 373
6.16389 375
6.16475 377
6.16566 379
6.16651 381
6.16736 383
6.16819 385
6.16905 387
6.16988 389
6.17071 391
6.17153 393
6.17236 395
6.17317 397
6.17398 399
6.17479 401
6.1756 403
6.1764 405
6.17719 407
6.17798 409
6.17878 411
6.17955 413
6.18033 415
6.1811 417
6.18189 419
6.18265 421
6.18341 423
6.18417 425
6.18493 427
6.18568 429
6.18643 431
6.18717 433
6.18792 435
6.18866 437
6.18939 439
6.19012 441
6.19086 443
6.19158 445
6.1923 447
6.19302 449
6.19374 451
6.19445 453
6.19516 455
6.19586 457
6.19656 459
6.19726 461
6.19796 463
6.19865 465
6.19934 467
6.20002 469
6.20071 471
6.20139 473
6.20207 475
6.20274 477
6.20341 479
6.20408 481
6.20475 483
6.20541 485
6.20607 487
6.20673 489
6.20739 491
6.20804 493
6.20869 495
6.20934 497
6.20998 499
6.21062 501
6.21127 503
6.2119 505
6.21254 507
6.21317 509
6.2138 511
6.21443 513
6.21505 515
6.21568 517
6.2163 519
6.21691 521
6.21753 523
6.21814 525
6.21875 527
6.21936 529
6.21997 531
6.22057 533
6.22117 535
6.22177 537
6.22237 539
6.22296 541
6.22356 543
6.22414 545
6.22473 547
6.22532 549
6.2259 551
6.22648 553
6.22707 555
6.22764 557
6.22822 559
6.22879 561
6.22936 563
6.22993 565
6.2305 567
6.23106 569
6.23163 571
6.23219 573
6.23274 575
6.2333 577
6.28141 579
6.28199 581
6.28256 583
6.28313 585
6.2837 587
6.28426 589
6.28482 591
6.28538 593
6.28601 595
6.28656 597
6.28711 599
6.28766 601
6.28822 603
6.28876 605
6.28931 607
6.28984 609
6.29061 611
6.29114 613
6.29167 615
6.2922 617
6.29275 619
6.29328 621
6.2938 623
6.29432 625
6.29494 627
6.29545 629
6.29597 631
6.29648 633
6.29702 635
6.29753 637
6.29804 639
6.29854 641
6.29927 643
6.29977 645
6.30027 647
6.30077 649
6.30129 651
6.30178 653
6.30228 655
6.30277 657
6.30336 659
6.30384 661
6.30433 663
6.30482 665
6.30532 667
6.3058 669
6.30628 671
6.30676 673
6.30745 675
6.30792 677
6.3084 679
6.30887 681
6.30936 683
6.30983 685
6.3103 687
6.31076 689
6.31132 691
6.31178 693
6.31224 695
6.31271 697
6.31318 699
6.31364 701
6.3141 703
6.31455 705
6.31509 707
6.31554 709
6.316 711
6.31645 713
6.31691 715
6.31736 717
6.3178 719
6.31825 721
6.31877 723
6.31921 725
6.31965 727
6.32009 729
6.32054 731
6.32098 733
6.32142 735
6.32185 737
6.32236 739
6.32279 741
6.32322 743
6.32366 745
6.32409 747
6.32452 749
6.32495 751
6.32537 753
6.32586 755
6.32629 757
6.32671 759
6.32713 761
6.32756 763
6.32798 765
6.3284 767
6.32881 769
6.32925 771
6.32966 773
6.33008 775
6.33049 777
6.33091 779
6.33132 781
6.33173 783
6.33214 785
6.33256 787
6.33297 789
6.33338 791
6.33378 793
6.33419 795
6.33459 797
6.33499 799
6.33539 801
6.3358 803
6.3362 805
6.3366 807
6.337 809
6.33739 811
6.33779 813
6.33818 815
6.33858 817
6.33898 819
6.33937 821
6.33976 823
6.34015 825
6.34053 827
6.34092 829
6.34131 831
6.34169 833
6.34208 835
6.34247 837
6.34285 839
6.34323 841
6.34361 843
6.34399 845
6.34437 847
6.34475 849
6.34513 851
6.34551 853
6.34588 855
6.34626 857
6.34663 859
6.34701 861
6.34738 863
6.34775 865
6.34812 867
6.34849 869
6.34886 871
6.34923 873
6.34959 875
6.34996 877
6.35033 879
6.35069 881
6.35106 883
6.35142 885
6.35178 887
6.35214 889
6.3525 891
6.35286 893
6.35322 895
6.35358 897
6.35394 899
6.35429 901
6.35465 903
6.355 905
6.35536 907
6.35571 909
6.35606 911
6.35641 913
6.35677 915
6.35712 917
6.35746 919
6.35781 921
6.35816 923
6.35851 925
6.35885 927
6.3592 929
6.35954 931
6.35989 933
6.36023 935
6.36057 937
6.36092 939
6.36126 941
6.3616 943
6.36194 945
6.36228 947
6.36261 949
6.36295 951
6.36329 953
6.36363 955
6.36396 957
6.3643 959
6.36463 961
6.36496 963
6.3653 965
6.36563 967
6.36596 969
6.36629 971
6.36662 973
6.36695 975
6.36728 977
6.36761 979
6.36794 981
6.36826 983
6.36859 985
6.36891 987
6.36924 989
6.36956 991
6.36989 993
6.37021 995
6.37053 997
6.37085 999
6.37117 1001
6.37149 1003
6.37181 1005
6.37213 1007
6.37245 1009
6.37277 1011
6.37308 1013
6.3734 1015
6.37372 1017
6.37403 1019
6.37435 1021
6.37466 1023
6.37497 1025
6.37529 1027
6.3756 1029
6.37591 1031
6.37622 1033
6.37653 1035
6.37684 1037
6.37715 1039
6.37746 1041
6.37776 1043
6.37807 1045
6.37838 1047
6.37868 1049
6.37899 1051
6.37929 1053
6.3796 1055
6.3799 1057
6.3802 1059
6.38051 1061
6.38081 1063
6.38111 1065
6.38141 1067
6.38171 1069
6.38201 1071
6.38231 1073
6.38261 1075
6.38291 1077
6.3832 1079
6.3835 1081
6.3838 1083
6.38409 1085
6.38439 1087
6.38468 1089
6.38498 1091
6.38527 1093
6.38556 1095
6.38586 1097
6.38615 1099
6.38644 1101
6.38673 1103
6.38702 1105
6.38731 1107
6.3876 1109
6.38789 1111
6.38818 1113
6.38846 1115
6.38875 1117
6.38904 1119
6.38933 1121
6.38961 1123
6.3899 1125
6.39018 1127
6.39047 1129
6.39075 1131
6.39103 1133
6.39132 1135
6.3916 1137
6.39188 1139
6.39216 1141
6.39244 1143
6.39272 1145
6.393 1147
6.39328 1149
6.39356 1151
6.39384 1153
6.44161 1155
6.4419 1157
6.44219 1159
6.44247 1161
6.44276 1163
6.44304 1165
6.44333 1167
6.44361 1169
6.4439 1171
6.44418 1173
6.44446 1175
6.44474 1177
6.44502 1179
6.4453 1181
6.44558 1183
6.44585 1185
6.44621 1187
6.44648 1189
6.44676 1191
6.44703 1193
6.44731 1195
6.44758 1197
6.44786 1199
6.44813 1201
6.44842 1203
6.44869 1205
6.44896 1207
6.44923 1209
6.44951 1211
6.44977 1213
6.45004 1215
6.45031 1217
6.45081 1219
6.45107 1221
6.45134 1223
6.4516 1225
6.45187 1227
6.45214 1229
6.4524 1231
6.45266 1233
6.45295 1235
6.45321 1237
6.45347 1239
6.45373 1241
6.454 1243
6.45426 1245
6.45452 1247
6.45478 1249
6.45514 1251
6.45539 1253
6.45565 1255
6.45591 1257
6.45617 1259
6.45642 1261
6.45668 1263
6.45693 1265
6.45722 1267
6.45747 1269
6.45773 1271
6.45798 1273
6.45824 1275
6.45849 1277
6.45874 1279
6.459 1281
6.45947 1283
6.45972 1285
6.45997 1287
6.46023 1289
6.46048 1291
6.46073 1293
6.46098 1295
6.46124 1297
6.46149 1299
6.46174 1301
6.462 1303
6.46225 1305
6.4625 1307
6.46276 1309
6.46301 1311
6.46326 1313
6.46356 1315
6.46381 1317
6.46406 1319
6.46431 1321
6.46457 1323
6.46482 1325
6.46507 1327
6.46533 1329
6.46558 1331
6.46583 1333
6.46609 1335
6.46634 1337
6.46659 1339
6.46684 1341
6.4671 1343
6.46735 1345
6.46764 1347
6.4679 1349
6.46815 1351
6.4684 1353
6.46866 1355
6.46891 1357
6.46916 1359
6.46942 1361
6.46967 1363
6.46992 1365
6.47017 1367
6.47043 1369
6.47068 1371
6.47093 1373
6.47119 1375
6.47144 1377
6.47169 1379
6.47194 1381
6.4722 1383
6.47245 1385
6.4727 1387
6.47296 1389
6.47321 1391
6.47346 1393
6.47372 1395
6.47397 1397
6.47422 1399
6.47447 1401
6.47473 1403
6.47498 1405
6.47523 1407
6.47549 1409
6.47574 1411
6.47599 1413
6.47625 1415
6.4765 1417
6.47675 1419
6.477 1421
6.47726 1423
6.47751 1425
6.47776 1427
6.47802 1429
6.47827 1431
6.47852 1433
6.47877 1435
6.47903 1437
6.47928 1439
6.47953 1441
6.47979 1443
6.48004 1445
6.48029 1447
6.48055 1449
6.4808 1451
6.48105 1453
6.4813 1455
6.48156 1457
6.48181 1459
6.48206 1461
6.48232 1463
6.48257 1465
6.48282 1467
6.48308 1469
6.48333 1470
6.48345 1473
6.48371 1475
6.48396 1477
6.48421 1479
6.48447 1481
6.48472 1480
6.48497 1479
6.48523 1478
6.48548 1477
6.48573 1476
6.48598 1475
6.48624 1474
6.48649 1473
6.48674 1472
6.487 1471
6.48725 1470
6.4875 1469
6.48776 1468
6.48801 1467
6.48826 1466
6.48851 1465
6.48877 1464
6.48902 1463
6.48927 1462
6.48953 1461
6.48978 1460
6.49003 1459
6.49028 1458
6.49054 1457
6.49079 1456
6.49104 1455
6.4913 1454
6.49155 1453
6.4918 1452
6.49206 1451
6.49231 1450
6.49256 1449
6.49281 1448
6.49307 1447
6.49332 1446
6.49357 1445
6.49383 1444
6.49408 1443
6.49433 1442
6.49459 1441
6.49484 1440
6.49509 1439
6.49534 1438
6.4956 1437
6.49585 1436
6.4961 1435
6.49636 1434
6.49661 1433
6.49686 1432
6.49712 1431
6.49737 1430
6.49762 1429
6.49787 1428
6.49813 1427
6.49838 1426
6.49863 1425
6.49889 1424
6.49914 1423
6.49939 1422
6.49964 1421
6.4999 1420
6.50015 1419
6.5004 1418
6.50066 1417
6.50091 1416
6.50116 1415
6.50142 1414
6.50167 1413
6.50192 1412
6.50217 1411
6.50243 1410
6.50268 1409
6.50293 1408
6.50319 1407
6.50344 1406
6.50369 1405
6.50395 1404
6.5042 1403
6.50445 1402
6.5047 1401
6.50496 1400
6.50521 1399
6.50546 1398
6.50572 1397
6.50597 1396
6.50622 1395
6.50647 1394
6.50673 1393
6.50698 1392
6.50723 1391
6.50749 1390
6.50774 1389
6.50799 1388
6.50825 1387
6.5085 1386
6.50875 1385
6.509 1384
6.50926 1383
6.50951 1382
6.50976 1381
6.51002 1380
6.51027 1379
6.51052 1378
6.51078 1377
6.51103 1376
6.51128 1375
6.51153 1374
6.51179 1373
6.51204 1372
6.51229 1371
6.51255 1370
6.5128 1369
6.51305 1368
6.5133 1367
6.51356 1366
6.51381 1365
6.51406 1364
6.51432 1363
6.51457 1362
6.51482 1361
6.51508 1360
6.51533 1359
6.51558 1358
6.51583 1357
6.51609 1356
6.51634 1355
6.51659 1354
6.51685 1353
6.5171 1352
6.51735 1351
6.51761 1350
6.51786 1349
6.51811 1348
6.51836 1347
6.51862 1346
6.51887 1345
6.51912 1344
6.51938 1343
6.51963 1342
6.51988 1341
6.52014 1340
6.52039 1339
6.52064 1338
6.52089 1337
6.52115 1336
6.5214 1335
6.52165 1334
6.52191 1333
6.52216 1332
6.52241 1331
6.52266 1330
6.52292 1329
6.52317 1328
6.52342 1327
6.52368 1326
6.52393 1325
6.52418 1324
6.52444 1323
6.52469 1322
6.52494 1321
6.52519 1320
6.52545 1319
6.5257 1318
6.52595 1317
6.52621 1316
6.52646 1315
6.52671 1314
6.52697 1313
6.52722 1312
6.52747 1311
6.52772 1310
6.52798 1309
6.52823 1308
6.52848 1307
6.52874 1306
6.52899 1305
6.52924 1304
6.52949 1303
6.52975 1302
6.53 1301
6.53025 1300
6.53051 1299
6.53076 1298
6.53101 1297
6.53127 1296
6.53152 1295
6.53177 1294
6.53202 1293
6.53228 1292
6.53253 1291
6.53278 1290
6.53304 1289
6.53329 1288
6.53354 1287
6.5338 1286
6.53405 1285
6.5343 1284
6.53455 1283
6.53481 1282
6.53506 1281
6.53531 1280
6.53557 1279
6.53582 1278
6.53607 1277
6.53633 1276
6.53658 1275
6.53683 1274
6.53708 1273
6.53734 1272
6.53759 1271
6.53784 1270
6.5381 1269
6.53835 1268
6.5386 1267
6.53885 1266
6.53911 1265
6.53936 1264
6.53961 1263
6.53987 1262
6.54012 1261
6.54037 1260
6.54063 1259
6.54088 1258
6.54113 1257
6.54138 1256
6.54164 1255
6.54189 1254
6.54214 1253
6.5424 1252
6.54265 1251
6.5429 1250
6.54316 1249
6.54341 1248
6.54366 1247
6.54391 1246
6.54417 1245
6.54442 1244
6.54467 1243
6.54493 1242
6.54518 1241
6.54543 1240
6.54568 1239
6.54594 1238
6.54619 1237
6.54644 1236
6.5467 1235
6.54695 1234
6.5472 1233
6.54746 1232
6.54771 1231
6.54796 1230
6.54821 1229
6.54847 1228
6.54872 1227
6.54897 1226
6.54923 1225
6.54948 1224
6.54973 1223
6.54999 1222
6.55024 1221
6.55049 1220
6.55074 1219
6.551 1218
6.55125 1217
6.5515 1216
6.55176 1215
6.55201 1214
6.55226 1213
6.55252 1212
6.55277 1211
6.55302 1210
6.55327 1209
6.55353 1208
6.55378 1207
6.55403 1206
6.55429 1205
6.55454 1204
6.55479 1203
6.55504 1202
6.5553 1201
6.55555 1200
6.5558 1199
6.55606 1198
6.55631 1197
6.55656 1196
6.55682 1195
6.55707 1194
6.55732 1193
6.55757 1192
6.55783 1191
6.55808 1190
6.55833 1189
6.55859 1188
6.55884 1187
6.55909 1186
6.55935 1185
6.5596 1184
6.55985 1183
6.5601 1182
6.56036 1181
6.56061 1180
6.56086 1179
6.56112 1178
6.56137 1177
6.56162 1176
6.56187 1175
6.56213 1174
6.56238 1173
6.56263 1172
6.56289 1171
6.56314 1170
6.56339 1169
6.56365 1168
6.5639 1167
6.56415 1166
6.5644 1165
6.56466 1164
6.56491 1163
6.56516 1162
6.56542 1161
6.56567 1160
6.56592 1159
6.56618 1158
6.56643 1157
6.56668 1156
6.56693 1155
6.56719 1154
6.56744 1153
6.56769 1152
6.56795 1151
6.5682 1150
6.56845 1149
6.5687 1148
6.56896 1147
6.56921 1146
6.56946 1145
6.56972 1144
6.56997 1143
6.57022 1142
6.57048 1141
6.57073 1140
6.57098 1139
6.57123 1138
6.57149 1137
6.57174 1136
6.57199 1135
6.57225 1134
6.5725 1133
6.57275 1132
6.57301 1131
6.57326 1130
6.57351 1129
6.57376 1128
6.57402 1127
6.57427 1126
6.57452 1125
6.57478 1124
6.57503 1123
6.57528 1122
6.57554 1121
6.57579 1120
6.57604 1119
6.57629 1118
6.57655 1117
6.5768 1116
6.57705 1115
6.57731 1114
6.57756 1113
6.57781 1112
6.57806 1111
6.57832 1110
6.57857 1109
6.57882 1108
6.57908 1107
6.57933 1106
6.57958 1105
6.57984 1104
6.58009 1103
6.58034 1102
6.58059 1101
6.58085 1100
6.5811 1099
6.58135 1098
6.58161 1097
6.58186 1096
6.58211 1095
6.58237 1094
6.58262 1093
6.58287 1092
6.58312 1091
6.58338 1090
6.58363 1089
6.58388 1088
6.58414 1087
6.58439 1086
6.58464 1085
6.58489 1084
6.58515 1083
6.5854 1082
6.58565 1081
6.58591 1080
6.58616 1079
6.58641 1078
6.58667 1077
6.58692 1076
6.58717 1075
6.58742 1074
6.58768 1073
6.58793 1072
6.58818 1071
6.58844 1070
6.58869 1069
6.58894 1068
6.60194 1067
6.60219 1066
6.60245 1065
6.6027 1064
6.60295 1063
6.6032 1062
6.60346 1061
6.60371 1060
6.60396 1059
6.60422 1058
6.60447 1057
6.60472 1056
6.60497 1055
6.60523 1054
6.60548 1053
6.60573 1052
6.60599 1051
6.60624 1050
6.60649 1049
6.60675 1048
6.607 1047
6.60725 1046
6.6075 1045
6.60776 1044
6.60801 1043
6.60826 1042
6.60852 1041
6.60877 1040
6.60902 1039
6.60928 1038
6.60953 1037
6.60978 1036
6.61003 1035
6.61029 1034
6.61054 1033
6.61079 1032
6.61105 1031
6.6113 1030
6.61155 1029
6.61181 1028
6.61206 1027
6.61231 1026
6.61256 1025
6.61282 1024
6.61307 1023
6.61332 1022
6.61358 1021
6.61383 1020
6.61408 1019
6.61433 1018
6.61459 1017
6.61484 1016
6.61509 1015
6.61535 1014
6.6156 1013
6.61585 1012
6.61611 1011
6.61636 1010
6.61661 1009
6.61686 1008
6.61712 1007
6.61737 1006
6.61762 1005
6.61788 1004
6.61813 1003
6.61838 1002
6.61864 1001
6.61889 1000
6.61914 999
6.61939 998
6.61965 997
6.6199 996
6.62015 995
6.62041 994
6.62066 993
6.62091 992
6.62116 991
6.62142 990
6.62167 989
6.62192 988
6.62218 987
6.62243 986
6.62268 985
6.62294 984
6.62319 983
6.62344 982
6.62369 981
6.62395 980
6.6242 979
6.62445 978
6.62471 977
6.62496 976
6.62521 975
6.62547 974
6.62572 973
6.62597 972
6.62622 971
6.62648 970
6.62673 969
6.62698 968
6.62724 967
6.62749 966
6.62774 965
6.628 964
6.62825 963
6.6285 962
6.62875 961
6.62901 960
6.62926 959
6.62951 958
6.62977 957
6.63002 956
6.63027 955
6.63052 954
6.63078 953
6.63103 952
6.63128 951
6.63154 950
6.63179 949
6.63204 948
6.6323 947
6.63255 946
6.6328 945
6.63305 944
6.63331 943
6.63356 942
6.63381 941
6.63407 940
6.63432 939
6.63457 938
6.63483 937
6.63508 936
6.63533 935
6.63558 934
6.63584 933
6.63609 932
6.63634 931
6.6366 930
6.63685 929
6.6371 928
6.63735 927
6.63761 926
6.63786 925
6.63811 924
6.63837 923
6.63862 922
6.63887 921
6.63913 920
6.63938 919
6.63963 918
6.63988 917
6.64014 916
6.64039 915
6.64064 914
6.6409 913
6.64115 912
6.6414 911
6.64166 910
6.64191 909
6.64216 908
6.64241 907
6.64267 906
6.64292 905
6.64317 904
6.64343 903
6.64368 902
6.64393 901
6.64418 900
6.64444 899
6.64469 898
6.64494 897
6.6452 896
6.64545 895
6.6457 894
6.64596 893
6.64621 892
6.64646 891
6.64671 890
6.64697 889
6.64722 888
6.64747 887
6.64773 886
6.64798 885
6.64823 884
6.64849 883
6.64874 882
6.64899 881
6.64924 880
6.6495 879
6.64975 878
6.65 877
6.65026 876
6.65051 875
6.65076 874
6.65102 873
6.65127 872
6.65152 871
6.65177 870
6.65203 869
6.65228 868
6.65253 867
6.65279 866
6.65304 865
6.65329 864
6.65354 863
6.6538 862
6.65405 861
6.6543 860
6.65456 859
6.65481 858
6.65506 857
6.65532 856
6.65557 855
6.65582 854
6.65607 853
6.65633 852
6.65658 851
6.65683 850
6.65709 849
6.65734 848
6.65759 847
6.65785 846
6.6581 845
6.65835 844
6.6586 843
6.65886 842
6.65911 841
6.65936 840
6.65962 839
6.65987 838
6.66012 837
6.66037 836
6.66063 835
6.66088 834
6.66113 833
6.66139 832
6.66164 831
6.66189 830
6.66215 829
6.6624 828
6.66265 827
6.6629 826
6.66316 825
6.66341 824
6.66366 823
6.66392 822
6.66417 821
6.66442 820
6.66468 819
6.66493 818
6.66518 817
6.66543 816
6.66569 815
6.66594 814
6.66619 813
6.66645 812
6.6667 811
6.66695 810
6.66721 809
6.66746 808
6.66771 807
6.66796 806
6.66822 805
6.66847 804
6.66872 803
6.66898 802
6.66923 801
6.66948 800
6.66973 799
6.66999 798
6.67024 797
6.67049 796
6.67075 795
6.671 794
6.67125 793
6.67151 792
6.67176 791
6.67201 790
6.67226 789
6.67252 788
6.67277 787
6.67302 786
6.67328 785
6.67353 784
6.67378 783
6.67404 782
6.67429 781
6.67454 780
6.67479 779
6.67505 778
6.6753 777
6.67555 776
6.67581 775
6.67606 774
6.67631 773
6.67656 772
6.67682 771
6.67707 770
6.67732 769
6.67758 768
6.67783 767
6.67808 766
6.67834 765
6.67859 764
6.67884 763
6.67909 762
6.67935 761
6.6796 760
6.67985 759
6.68011 758
6.68036 757
6.68061 756
6.68087 755
6.68112 754
6.68137 753
6.68162 752
6.68188 751
6.68213 750
6.68238 749
6.68264 748
6.68289 747
6.68314 746
6.6834 745
6.68365 744
6.6839 743
6.68415 742
6.68441 741
6.68466 740
6.68491 739
6.68517 738
6.68542 737
6.68567 736
6.68592 735
6.68618 734
6.68643 733
6.68668 732
6.68694 731
6.68719 730
6.68744 729
6.6877 728
6.68795 727
6.6882 726
6.68845 725
6.68871 724
6.68896 723
6.68921 722
6.68947 721
6.68972 720
6.68997 719
6.69023 718
6.69048 717
6.69073 716
6.69098 715
6.69124 714
6.69149 713
6.69174 712
6.692 711
6.69225 710
6.6925 709
6.69275 708
6.69301 707
6.69326 706
6.69351 705
6.69377 704
6.69402 703
6.69427 702
6.69453 701
6.69478 700
6.69503 699
6.69528 698
6.69554 697
6.69579 696
6.69604 695
6.6963 694
6.69655 693
6.6968 692
6.69706 691
6.69731 690
6.69756 689
6.69781 688
6.69807 687
6.69832 686
6.69857 685
6.69883 684
6.69908 683
6.69933 682
6.69958 681
6.69984 680
6.70009 679
6.70034 678
6.7006 677
6.70085 676
6.7011 675
6.70136 674
6.70161 673
6.70186 672
6.70211 671
6.70237 670
6.70262 669
6.70287 668
6.70313 667
6.70338 666
6.70363 665
6.70389 664
6.70414 663
6.70439 662
6.70464 661
6.7049 660
6.70515 659
6.7054 658
6.70566 657
6.70591 656
6.70616 655
6.70642 654
6.70667 653
6.70692 652
6.70717 651
6.70743 650
6.70768 649
6.70793 648
6.70819 647
6.70844 646
6.70869 645
6.70894 644
6.7092 643
6.70945 642
6.7097 641
6.70996 640
6.71021 639
6.71046 638
6.71072 637
6.71097 636
6.71122 635
6.71147 634
6.71173 633
6.71198 632
6.71223 631
6.71249 630
6.71274 629
6.71299 628
6.71325 627
6.7135 626
6.71375 625
6.714 624
6.71426 623
6.71451 622
6.71476 621
6.71502 620
6.71527 619
6.71552 618
6.71577 617
6.71603 616
6.71628 615
6.71653 614
6.71679 613
6.71704 612
6.71729 611
6.71755 610
6.7178 609
6.71805 608
6.7183 607
6.71856 606
6.71881 605
6.71906 604
6.71932 603
6.71957 602
6.71982 601
6.72008 600
6.72033 599
6.72058 598
6.72083 597
6.72109 596
6.72134 595
6.72159 594
6.72185 593
6.7221 592
6.72235 591
6.72261 590
6.72286 589
6.72311 588
6.72324 587
6.72349 586
6.72374 585
6.724 584
6.72425 583
6.7246 582
6.72511 581
6.72562 580
6.72612 579
6.72663 578
6.72713 577
6.72764 576
6.72815 575
6.72865 574
6.72916 573
6.72966 572
6.73017 571
6.73067 570
6.73118 569
6.73169 568
6.73219 567
6.7327 566
6.7332 565
6.73371 564
6.73422 563
6.73472 562
6.73523 561
6.73573 560
6.73624 559
6.73675 558
6.73725 557
6.73776 556
6.73826 555
6.73877 554
6.73928 553
6.73978 552
6.74029 551
6.74079 550
6.7413 549
6.74181 548
6.74231 547
6.74282 546
6.74332 545
6.74383 544
6.74434 543
6.74484 542
6.74535 541
6.74585 540
6.74636 539
6.74686 538
6.74737 537
6.74788 536
6.74838 535
6.74889 534
6.76214 533
6.76264 532
6.76315 531
6.76366 530
6.76416 529
6.76467 528
6.76517 527
6.76568 526
6.76619 525
6.76669 524
6.7672 523
6.7677 522
6.76821 521
6.76872 520
6.76922 519
6.76973 518
6.77023 517
6.77074 516
6.77125 515
6.77175 514
6.77226 513
6.77276 512
6.77327 511
6.77377 510
6.77428 509
6.77479 508
6.77529 507
6.7758 506
6.7763 505
6.77681 504
6.77732 503
6.77782 502
6.77833 501
6.77883 500
6.77934 499
6.77985 498
6.78035 497
6.78086 496
6.78136 495
6.78187 494
6.78238 493
6.78288 492
6.78339 491
6.78389 490
6.7844 489
6.78491 488
6.78541 487
6.78592 486
6.78642 485
6.78693 484
6.78744 483
6.78794 482
6.78845 481
6.78895 480
6.78946 479
6.78996 478
6.79047 477
6.79098 476
6.79148 475
6.79199 474
6.79249 473
6.793 472
6.79351 471
6.79401 470
6.79452 469
6.79502 468
6.79553 467
6.79604 466
6.79654 465
6.79705 464
6.79755 463
6.79806 462
6.79857 461
6.79907 460
6.79958 459
6.80008 458
6.80059 457
6.8011 456
6.8016 455
6.80211 454
6.80261 453
6.80312 452
6.80363 451
6.80413 450
6.80464 449
6.80514 448
6.80565 447
6.80615 446
6.80666 445
6.80717 444
6.80767 443
6.80818 442
6.80868 441
6.80919 440
6.8097 439
6.8102 438
6.81071 437
6.81121 436
6.81172 435
6.81223 434
6.81273 433
6.81324 432
6.81374 431
6.81425 430
6.81476 429
6.81526 428
6.81577 427
6.81627 426
6.81678 425
6.81729 424
6.81779 423
6.8183 422
6.8188 421
6.81931 420
6.81982 419
6.82032 418
6.82083 417
6.82133 416
6.82184 415
6.82234 414
6.82285 413
6.82336 412
6.82386 411
6.82437 410
6.82487 409
6.82538 408
6.82589 407
6.82639 406
6.8269 405
6.8274 404
6.82791 403
6.82842 402
6.82892 401
6.82943 400
6.82993 399
6.83044 398
6.83095 397
6.83145 396
6.83196 395
6.83246 394
6.83297 393
6.83348 392
6.83398 391
6.83449 390
6.83499 389
6.8355 388
6.83601 387
6.83651 386
6.83702 385
6.83752 384
7.00617 385
7.16681 386
7.32785 387
7.4893 388
7.65032 389
7.81093 390
7.97196 391
8.13339 392
8.29441 393
8.45502 394
8.61603 395
8.77746 396
8.93847 397
9.09907 398
9.26008 399
9.42149 400
9.58249 401
9.74309 402
9.9041 403
10.0655 404
10.2265 405
10.3871 406
10.5481 407
10.7095 408
10.8705 409
11.031 410
11.192 411
11.3534 412
11.5144 413
11.675 414
11.8359 415
11.9973 416
12.1583 417
12.3189 418
12.4798 419
12.6412 420
12.8021 421
12.9627 422
13.1237 423
13.285 424
13.446 425
13.6066 426
13.7675 427
13.9288 428
14.0898 429
14.2504 430
14.4114 431
14.5727 432
14.7336 433
14.8942 434
15.0551 435
15.2157 436
15.3766 437
15.538 438
15.6989 439
15.8595 440
16.0204 441
16.1817 442
16.3426 443
16.5032 444
16.6641 445
16.8254 446
16.9863 447
17.1469 448
17.3078 449
17.4691 450
17.63 451
17.7906 452
17.9515 453
18.1127 454
18.2736 455
18.4342 456
18.5951 457
18.7564 458
18.9173 459
19.0778 460
19.2387 461
19.4 462
19.5609 463
19.7214 464
19.8823 465
20.0435 466
20.2044 467
20.365 468
20.5259 469
20.6871 470
20.848 471
21.0085 472
21.1694 473
21.3306 474
21.4915 475
21.652 476
21.8129 477
21.9741 478
22.135 479
22.2955 480
22.4564 481
22.6176 482
22.7785 483
22.9391 484
23.1001 485
23.2613 486
23.4222 487
23.5827 488
23.7436 489
23.9048 490
24.0656 491
24.2262 492
24.387 493
24.5482 494
24.709 495
24.8696 496
25.0304 497
25.1916 498
25.3524 499
25.513 500
25.6738 501
25.835 502
25.9958 503
26.1563 504
26.3172 505
26.4783 506
26.6391 507
26.7997 508
26.9605 509
27.1216 510
27.2825 511
27.443 512
27.6038 513
27.765 514
27.9258 515
28.0863 516
28.2471 517
28.4082 518
28.5691 519
28.7296 520
28.8904 521
29.0515 522
29.2123 523
29.3728 524
29.5336 525
29.6948 526
29.8556 527
30.0161 528
30.1769 529
30.338 530
30.4988 531
30.6593 532
30.8201 533
30.9812 534
31.142 535
31.3025 536
31.4633 537
31.6244 538
31.7852 539
31.9457 540
32.1065 541
32.2676 542
32.4284 543
32.5889 544
32.7497 545
32.9108 546
33.0716 547
33.2321 548
33.3929 549
33.5539 550
33.7147 551
33.8752 552
34.036 553
34.1971 554
34.3579 555
34.5183 556
34.6791 557
34.8402 558
35.001 559
35.1614 560
35.3222 561
35.4833 562
35.644 563
35.8045 564
35.9653 565
36.1264 566
36.2872 567
36.4477 568
36.6084 569
36.7695 570
36.9302 571
37.0907 572
37.2515 573
37.4125 574
37.5733 575
37.7338 576
37.8945 577
38.0555 578
38.2163 579
38.3768 580
38.5375 581
38.6986 582
38.8593 583
39.0198 584
39.1806 585
39.3416 586
39.5023 587
39.6628 588
39.8235 589
39.9846 590
40.1453 591
40.3058 592
40.4665 593
40.6275 594
40.7883 595
40.9487 596
41.1095 597
41.2705 598
41.4312 599
41.5917 600
41.7524 601
41.9134 602
42.0742 603
42.2346 604
42.3954 605
42.5564 606
42.7171 607
42.8775 608
43.0383 609
43.1993 610
43.36 611
43.5205 612
43.6812 613
43.8422 614
44.0029 615
44.1634 616
44.3241 617
44.4851 618
44.6458 619
44.8062 620
44.967 621
45.1279 622
45.2887 623
45.4491 624
45.6098 625
45.7708 626
45.9315 627
46.092 628
46.2527 629
46.4137 630
46.5744 631
46.7348 632
46.8955 633
47.0565 634
47.2172 635
47.3777 636
47.5384 637
47.6993 638
47.86 639
48.0205 640
48.1812 641
48.3421 642
48.5028 643
48.6633 644
48.8241 645
48.9851 646
49.1458 647
49.3062 648
49.4669 649
49.6279 650
49.7886 651
49.949 652
50.1097 653
50.2706 654
50.4313 655
50.5918 656
50.7525 657
50.9134 658
51.0741 659
51.2345 660
51.3952 661
51.5562 662
51.7168 663
51.8773 664
52.038 665
52.1989 666
52.3596 667
52.52 668
52.6807 669
52.8416 670
53.0023 671
53.1627 672
53.3234 673
53.4843 674
53.645 675
53.8054 676
53.9661 677
54.127 678
54.2877 679
54.4481 680
54.6088 681
54.7697 682
54.9304 683
55.0908 684
55.2515 685
55.4124 686
55.5731 687
55.7335 688
55.8942 689
56.0551 690
56.2158 691
56.3762 692
56.5368 693
56.6977 694
56.8584 695
57.0188 696
57.1795 697
57.3404 698
57.5011 699
57.6615 700
57.8221 701
57.983 702
58.1437 703
58.3041 704
58.4648 705
58.6257 706
58.7863 707
58.9467 708
59.1074 709
59.2683 710
59.4289 711
59.5894 712
59.75 713
59.9109 714
60.0716 715
60.232 716
60.3926 717
60.5535 718
60.7141 719
60.8746 720
61.0352 721
61.1961 722
61.3567 723
61.5171 724
61.6778 725
61.8387 726
61.9993 727
62.1597 728
62.3204 729
62.4812 730
62.6419 731
62.8023 732
62.9629 733
63.1238 734
63.2844 735
63.4448 736
63.6055 737
63.7663 738
63.927 739
64.0874 740
64.248 741
64.4089 742
64.5695 743
64.7299 744
64.8906 745
65.0514 746
65.212 747
65.3724 748
65.5331 749
65.6939 750
65.8545 751
66.015 752
66.1756 753
66.3364 754
66.4971 755
66.6575 756
66.8181 757
66.9789 758
67.1396 759
67.3 760
67.4606 761
67.6214 762
67.782 763
67.9424 764
68.1031 765
68.2639 766
68.4245 767
68.5849 768
68.7456 769
68.9064 770
69.067 771
69.2274 772
69.388 773
69.5488 774
69.7095 775
69.8699 776
70.0305 777
70.1913 778
70.3519 779
70.5123 780
70.6729 781
70.8338 782
70.9944 783
71.1548 784
71.3154 785
71.4762 786
71.6368 787
71.7972 788
71.9578 789
72.1186 790
72.2792 791
72.4396 792
72.6002 793
72.761 794
72.9216 795
73.082 796
73.2427 797
73.4035 798
73.5641 799
73.7245 800
73.8851 801
74.0459 802
74.2065 803
74.3669 804
74.5275 805
74.6883 806
74.8489 807
75.0092 808
75.1698 809
75.3306 810
75.4912 811
75.6516 812
75.8122 813
75.973 814
76.1336 815
76.294 816
76.4546 817
76.6154 818
76.776 819
76.9364 820
77.097 821
77.2578 822
77.4184 823
77.5788 824
77.7393 825
77.9001 826
78.0607 827
78.2211 828
78.3817 829
78.5425 830
78.7031 831
78.8635 832
79.024 833
79.1848 834
79.3454 835
79.5058 836
79.6664 837
79.8272 838
79.9877 839
80.1481 840
80.3087 841
80.4695 842
80.6301 843
80.7905 844
80.951 845
81.1118 846
81.2724 847
81.4328 848
81.5934 849
81.7541 850
81.9147 851
82.0751 852
82.2357 853
82.3964 854
82.557 855
82.7174 856
82.878 857
83.0387 858
83.1993 859
83.3597 860
83.5203 861
83.681 862
83.8416 863
84.002 864
84.1626 865
84.3233 866
84.4839 867
84.6443 868
84.8048 869
84.9656 870
85.1262 871
85.2866 872
85.4471 873
85.6079 874
85.7684 875
85.9288 876
86.0894 877
86.2501 878
86.4107 879
86.5711 880
86.7316 881
86.8924 882
87.053 883
87.2133 884
87.3739 885
87.5346 886
87.6952 887
87.8556 888
88.0161 889
88.1769 890
88.3374 891
88.4978 892
88.6584 893
88.8191 894
88.9797 895
89.1401 896
89.3006 897
89.4614 898
89.6219 899
89.7823 900
89.9429 901
90.1036 902
90.2642 903
90.4245 904
90.5851 905
90.7458 906
90.9064 907
91.0668 908
91.2273 909
91.3881 910
91.5486 911
91.709 912
91.8695 913
92.0303 914
92.1908 915
92.3512 916
92.5117 917
92.6725 918
92.833 919
92.9934 920
93.1539 921
93.3147 922
93.4752 923
93.6356 924
93.7961 925
93.9569 926
94.1174 927
94.2778 928
94.4383 929
94.599 930
94.7596 931
94.92 932
95.0805 933
95.2412 934
95.4018 935
95.5621 936
95.7227 937
95.8834 938
96.0439 939
96.2043 940
96.3648 941
96.5255 942
96.6861 943
96.8464 944
97.007 945
97.1677 946
97.3282 947
97.4886 948
97.6491 949
97.8098 950
97.9704 951
98.1308 952
98.2913 953
98.452 954
98.6125 955
98.7729 956
98.9334 957
99.0941 958
99.2547 959
99.415 960
99.5756 961
99.7363 962
99.8968 963
100.057 964
100.218 965
100.378 966
100.539 967
100.699 968
100.86 969
101.021 970
101.181 971
101.341 972
101.502 973
101.663 974
101.823 975
101.984 976
102.144 977
102.305 978
102.465 979
102.626 980
102.786 981
102.947 982
103.107 983
103.268 984
103.428 985
103.589 986
103.75 987
103.91 988
104.07 989
104.231 990
104.392 991
104.552 992
104.712 993
104.873 994
105.034 995
105.194 996
105.355 997
105.515 998
105.676 999
105.836 1000
105.997 1001
106.157 1002
106.318 1003
106.478 1004
106.639 1005
106.799 1006
106.96 1007
107.12 1008
107.281 1009
107.441 1010
107.602 1011
107.762 1012
107.923 1013
108.084 1014
108.244 1015
108.404 1016
108.565 1017
108.726 1018
108.886 1019
109.046 1020
109.207 1021
109.368 1022
109.528 1023
109.689 1024
109.849 1025
110.01 1026
110.17 1027
110.331 1028
110.491 1029
110.652 1030
110.812 1031
110.973 1032
111.133 1033
111.294 1034
111.454 1035
111.615 1036
111.775 1037
111.936 1038
112.096 1039
112.257 1040
112.417 1041
112.578 1042
112.738 1043
112.899 1044
113.059 1045
113.22 1046
113.38 1047
113.541 1048
113.701 1049
113.862 1050
114.022 1051
114.183 1052
114.343 1053
114.504 1054
114.664 1055
114.825 1056
114.985 1057
115.146 1058
115.306 1059
115.467 1060
115.627 1061
115.788 1062
115.949 1063
116.109 1064
116.269 1065
116.43 1066
116.591 1067
116.751 1068
116.911 1069
117.072 1070
117.233 1071
117.393 1072
117.553 1073
117.714 1074
117.875 1075
118.035 1076
118.195 1077
118.356 1078
118.517 1079
118.677 1080
118.837 1081
118.998 1082
119.159 1083
119.319 1084
119.479 1085
119.64 1086
119.8 1087
119.961 1088
120.121 1089
120.282 1090
120.442 1091
120.603 1092
120.763 1093
120.924 1094
121.084 1095
121.245 1096
121.405 1097
121.566 1098
121.726 1099
121.887 1100
122.047 1101
122.208 1102
122.368 1103
122.529 1104
122.689 1105
122.85 1106
123.01 1107
123.171 1108
123.331 1109
123.492 1110
123.652 1111
123.813 1112
123.973 1113
124.134 1114
124.294 1115
124.455 1116
124.615 1117
124.776 1118
124.936 1119
125.097 1120
125.257 1121
125.418 1122
125.578 1123
125.739 1124
125.899 1125
126.06 1126
126.22 1127
126.381 1128
126.541 1129
126.702 1130
126.862 1131
127.022 1132
127.183 1133
127.344 1134
127.504 1135
127.664 1136
127.825 1137
127.985 1138
128.146 1139
128.306 1140
128.467 1141
128.627 1142
128.788 1143
128.948 1144
129.109 1145
129.269 1146
129.43 1147
129.59 1148
129.751 1149
129.911 1150
130.072 1151
130.232 1152
130.393 1153
130.553 1154
130.714 1155
130.874 1156
131.034 1157
131.195 1158
131.356 1159
131.516 1160
131.676 1161
131.837 1162
131.997 1163
132.158 1164
132.318 1165
132.479 1166
132.639 1167
132.8 1168
132.96 1169
133.121 1170
133.281 1171
133.442 1172
133.602 1173
133.763 1174
133.923 1175
134.083 1176
134.244 1177
134.405 1178
134.565 1179
134.725 1180
134.886 1181
135.046 1182
135.207 1183
135.367 1184
135.528 1185
135.688 1186
135.849 1187
136.009 1188
136.17 1189
136.33 1190
136.491 1191
136.651 1192
136.812 1193
136.972 1194
137.133 1195
137.293 1196
137.453 1197
137.614 1198
137.774 1199
137.935 1200
138.095 1201
138.256 1202
138.416 1203
138.577 1204
138.737 1205
138.898 1206
139.058 1207
139.219 1208
139.379 1209
139.54 1210
139.7 1211
139.86 1212
140.021 1213
140.181 1214
140.342 1215
140.502 1216
140.663 1217
140.823 1218
140.984 1219
141.144 1220
141.305 1221
141.465 1222
141.626 1223
141.786 1224
141.946 1225
142.107 1226
142.267 1227
142.428 1228
142.588 1229
142.749 1230
142.909 1231
143.07 1232
143.23 1233
143.391 1234
143.551 1235
143.711 1236
143.872 1237
144.033 1238
144.193 1239
144.353 1240
144.514 1241
144.674 1242
144.835 1243
144.995 1244
145.156 1245
145.316 1246
145.477 1247
145.637 1248
145.797 1249
145.958 1250
146.118 1251
146.279 1252
146.439 1253
146.6 1254
146.76 1255
146.921 1256
147.081 1257
147.242 1258
147.402 1259
147.562 1260
147.723 1261
147.883 1262
148.044 1263
148.204 1264
148.365 1265
148.525 1266
148.686 1267
148.846 1268
149.007 1269
149.167 1270
149.328 1271
149.488 1272
149.649 1273
149.81 1274
149.972 1275
150.133 1276
150.294 1277
150.456 1278
150.617 1279
150.779 1280
150.825 1279
150.987 1278
150.987 1277
150.987 1276
150.987 1275
150.988 1274
150.988 1273
150.988 1272
150.988 1271
150.989 1270
150.989 1269
151.148 1268
151.149 1267
151.149 1266
151.149 1265
151.149 1264
151.15 1263
151.15 1262
151.15 1261
151.15 1260
151.151 1259
151.151 1258
151.151 1257
151.151 1256
151.152 1255
151.152 1254
151.152 1253
151.152 1252
151.153 1251
151.153 1250
151.153 1249
151.153 1248
151.154 1247
151.154 1246
151.154 1245
151.154 1244
151.155 1243
151.155 1242
151.155 1241
151.155 1240
151.156 1239
151.156 1238
151.156 1237
151.156 1236
151.157 1235
151.157 1234
151.157 1233
151.157 1232
151.158 1231
151.158 1230
151.158 1229
151.158 1228
151.159 1227
151.159 1226
151.159 1225
151.159 1224
151.16 1223
151.16 1222
151.442 1223
151.602 1224
151.763 1225
151.923 1226
152.084 1227
152.244 1228
152.405 1229
152.565 1230
152.725 1231
152.886 1232
153.046 1233
153.207 1234
153.367 1235
153.528 1236
153.688 1237
153.849 1238
154.009 1239
154.17 1240
154.33 1241
154.49 1242
154.651 1243
154.812 1244
154.972 1245
155.132 1246
155.293 1247
155.453 1248
155.614 1249
155.774 1250
155.935 1251
156.095 1252
156.256 1253
156.416 1254
156.576 1255
156.737 1256
156.897 1257
157.058 1258
157.218 1259
157.379 1260
157.539 1261
157.7 1262
157.86 1263
158.021 1264
158.181 1265
158.341 1266
158.502 1267
158.662 1268
158.823 1269
158.983 1270
159.144 1271
159.305 1272
159.466 1273
159.627 1274
159.788 1275
159.949 1276
160.111 1277
160.272 1278
160.434 1279
160.474 1278
160.636 1277
160.636 1276
160.847 1277
161.009 1278
161.171 1279
161.209 1278
161.209 1277
161.209 1276
161.21 1275
161.21 1274
161.21 1273
161.21 1272
161.211 1271
161.211 1270
161.211 1269
161.211 1268
161.212 1267
161.212 1266
161.212 1265
161.371 1264
161.371 1263
161.371 1262
161.371 1261
161.372 1260
161.372 1259
161.373 1258
161.373 1257
161.373 1256
161.373 1255
161.374 1254
161.374 1253
161.374 1252
161.374 1251
161.375 1250
161.375 1249
161.375 1248
161.375 1247
161.553 1248
161.713 1249
161.874 1250
162.034 1251
162.195 1252
162.355 1253
162.516 1254
162.676 1255
162.836 1256
162.997 1257
163.157 1258
163.318 1259
163.478 1260
163.639 1261
163.799 1262
163.96 1263
164.12 1264
164.28 1265
164.441 1266
164.602 1267
164.762 1268
164.922 1269
165.083 1270
165.244 1271
165.404 1272
165.565 1273
165.726 1274
165.887 1275
166.049 1276
166.21 1277
166.372 1278
166.533 1279
166.575 1278
166.575 1277
166.737 1276
166.737 1275
166.737 1274
166.926 1275
167.088 1276
167.249 1277
167.411 1278
167.572 1279
167.615 1278
167.615 1277
167.615 1276
167.616 1275
167.616 1274
167.616 1273
167.616 1272
167.777 1271
167.777 1270
167.777 1269
167.777 1268
167.778 1267
167.778 1266
167.778 1265
167.778 1264
167.779 1263
167.779 1262
167.779 1261
168.063 1262
168.223 1263
168.384 1264
168.544 1265
168.705 1266
168.865 1267
169.026 1268
169.186 1269
169.347 1270
169.507 1271
169.668 1272
169.829 1273
169.99 1274
170.151 1275
170.312 1276
170.474 1277
170.635 1278
170.797 1279
170.84 1278
170.84 1277
170.841 1276
170.841 1275
171.002 1274
171.002 1273
171.002 1272
171.003 1271
171.003 1270
171.003 1269
171.003 1268
171.004 1267
171.211 1268
171.372 1269
171.532 1270
171.693 1271
171.853 1272
172.014 1273
172.175 1274
172.336 1275
172.498 1276
172.659 1277
172.821 1278
172.982 1279
173.025 1278
173.025 1277
173.025 1276
173.026 1275
173.026 1274
173.187 1273
173.187 1272
173.187 1271
173.187 1270
173.188 1269
173.188 1268
173.188 1267
173.188 1266
173.189 1265
173.189 1264
173.189 1263
173.189 1262
173.37 1263
173.531 1264
173.692 1265
173.852 1266
174.013 1267
174.173 1268
174.334 1269
174.494 1270
174.655 1271
174.816 1272
174.977 1273
175.137 1274
175.299 1275
175.46 1276
175.621 1277
175.783 1278
175.944 1279
175.988 1278
175.988 1277
175.988 1276
175.989 1275
176.15 1274
176.15 1273
176.15 1272
176.151 1271
176.151 1270
176.151 1269
176.151 1268
176.393 1269
176.554 1270
176.714 1271
176.875 1272
177.036 1273
177.197 1274
177.358 1275
177.519 1276
177.681 1277
177.842 1278
178.004 1279
178.049 1278
178.049 1277
178.049 1276
178.05 1275
178.05 1274
178.211 1273
178.211 1272
178.211 1271
178.211 1270
178.212 1269
178.212 1268
178.212 1267
178.212 1266
178.213 1265
178.213 1264
178.447 1265
178.607 1266
178.768 1267
178.928 1268
179.089 1269
179.249 1270
179.41 1271
179.571 1272
179.732 1273
179.892 1274
180.054 1275
180.215 1276
180.376 1277
180.538 1278
180.699 1279
180.743 1278
180.743 1277
180.744 1276
180.744 1275
180.905 1274
180.905 1273
180.905 1272
180.906 1271
180.906 1270
180.906 1269
180.906 1268
180.907 1267
180.907 1266
180.907 1265
180.907 1264
181.206 1265
181.366 1266
181.527 1267
181.687 1268
181.848 1269
182.008 1270
182.169 1271
182.33 1272
182.49 1273
182.651 1274
182.812 1275
182.974 1276
183.135 1277
183.297 1278
183.458 1279
183.498 1278
183.498 1277
183.499 1276
183.499 1275
183.66 1274
183.66 1273
183.661 1272
183.661 1271
183.661 1270
183.661 1269
183.662 1268
183.662 1267
183.662 1266
183.662 1265
183.837 1266
183.998 1267
184.158 1268
184.319 1269
184.479 1270
184.64 1271
184.801 1272
184.961 1273
185.123 1274
185.284 1275
185.445 1276
185.606 1277
185.768 1278
185.93 1279
185.973 1278
185.973 1277
185.974 1276
185.974 1275
186.135 1274
186.135 1273
186.136 1272
186.136 1271
186.136 1270
186.136 1269
186.137 1268
186.428 1269
186.588 1270
186.749 1271
186.91 1272
187.071 1273
187.232 1274
187.393 1275
187.554 1276
187.715 1277
187.877 1278
188.038 1279
188.08 1278
188.08 1277
188.08 1276
188.081 1275
188.081 1274
188.242 1273
188.242 1272
188.242 1271
188.242 1270
188.243 1269
188.243 1268
188.243 1267
188.542 1268
188.702 1269
188.863 1270
189.024 1271
189.184 1272
189.345 1273
189.506 1274
189.667 1275
189.829 1276
189.99 1277
190.152 1278
190.313 1279
190.356 1278
190.357 1277
190.357 1276
190.357 1275
190.357 1274
190.518 1273
190.518 1272
190.519 1271
190.519 1270
190.519 1269
190.519 1268
190.822 1269
190.983 1270
191.143 1271
191.304 1272
191.465 1273
191.626 1274
191.787 1275
191.948 1276
192.109 1277
192.271 1278
192.433 1279
192.475 1278
192.475 1277
192.475 1276
192.475 1275
192.476 1274
192.476 1273
192.636 1272
192.636 1271
192.637 1270
192.637 1269
192.637 1268
192.637 1267
192.638 1266
192.638 1265
192.638 1264
192.638 1263
192.639 1262
192.639 1261
192.956 1262
193.117 1263
193.277 1264
193.438 1265
193.598 1266
193.758 1267
193.919 1268
194.079 1269
194.24 1270
194.4 1271
194.561 1272
194.722 1273
194.883 1274
195.044 1275
195.206 1276
195.367 1277
195.528 1278
195.69 1279
195.734 1278
195.734 1277
195.734 1276
195.896 1275
195.896 1274
195.896 1273
195.896 1272
195.897 1271
195.897 1270
195.897 1269
195.897 1268
195.898 1267
196.095 1268
196.256 1269
196.416 1270
196.577 1271
196.738 1272
196.899 1273
197.06 1274
197.221 1275
197.382 1276
197.543 1277
197.705 1278
197.867 1279
197.908 1278
197.908 1277
197.909 1276
197.909 1275
197.909 1274
198.07 1273
198.07 1272
198.07 1271
198.071 1270
198.071 1269
198.365 1270
198.525 1271
198.686 1272
198.847 1273
199.008 1274
199.169 1275
199.331 1276
199.492 1277
199.653 1278
199.815 1279
199.856 1278
199.857 1277
199.857 1276
199.857 1275
199.857 1274
199.858 1273
