0.1 0
0.2 0
0.3 0
0.4 0
0.5 0
0.6 0
0.7 0
0.8 0
0.9 0
1 0
1.1 0
1.2 0
1.3 0
1.4 0
1.5 0
1.6 0
1.7 0
1.8 0
1.9 0
2 0
2.1 0
2.2 0
2.3 0
2.4 0
2.5 0
2.6 0
2.7 0
2.8 0
2.9 0
3 0
3.1 0
3.2 0
3.3 0
3.4 0
3.5 0
3.6 0
3.7 0
3.8 0
3.9 0
4 0
4.1 0
4.2 0
4.3 0
4.4 0
4.5 0
4.6 0
4.7 0
4.8 0
4.9 0
5 0
5.1 147
5.2 0
5.3 71
5.4 91
5.5 110
5.6 92
5.7 76
5.8 97
5.9 95
6 149
6.1 69
6.2 79
6.3 149
6.4 70
6.5 67
6.6 99
6.7 90
6.8 133
6.9 76
7 112
7.1 80
7.2 149
7.3 100
7.4 93
7.5 88
7.6 141
7.7 82
7.8 132
7.9 100
8 59
8.1 105
8.2 104
8.3 90
8.4 96
8.5 116
8.6 111
8.7 64
8.8 123
8.9 105
9 73
9.1 128
9.2 93
9.3 113
9.4 109
9.5 60
9.6 125
9.7 59
9.8 101
9.9 116
10 119
10.1 78
10.2 99
10.3 107
10.4 120
10.5 75
10.6 96
10.7 96
10.8 119
10.9 94
11 108
11.1 115
11.2 106
11.3 135
11.4 86
11.5 102
11.6 96
11.7 78
11.8 134
11.9 89
12 114
12.1 83
12.2 90
12.3 107
12.4 93
12.5 87
12.6 96
12.7 91
12.8 110
12.9 157
13 46
13.1 124
13.2 104
13.3 84
13.4 97
13.5 95
13.6 69
13.7 121
13.8 90
13.9 104
14 95
14.1 98
14.2 80
14.3 135
14.4 68
14.5 124
14.6 90
14.7 94
14.8 78
14.9 100
15 139
15.1 122
15.2 76
15.3 82
15.4 129
15.5 66
15.6 130
15.7 74
15.8 159
15.9 94
16 86
16.1 105
16.2 71
16.3 91
16.4 93
16.5 108
16.6 90
16.7 99
16.8 93
16.9 124
17 51
17.1 133
17.2 84
17.3 101
17.4 51
17.5 121
17.6 99
17.7 102
17.8 92
17.9 110
18 91
18.1 91
18.2 122
18.3 77
18.4 92
18.5 77
18.6 132
18.7 86
18.8 94
18.9 111
19 68
19.1 135
19.2 79
19.3 57
19.4 131
19.5 76
19.6 134
19.7 83
19.8 133
19.9 69
20 107
20.1 89
20.2 136
20.3 104
20.4 112
20.5 79
20.6 131
20.7 110
20.8 59
20.9 122
21 69
21.1 125
21.2 118
21.3 99
21.4 74
21.5 133
21.6 58
21.7 141
21.8 101
21.9 117
22 69
22.1 98
22.2 98
22.3 128
22.4 62
22.5 149
22.6 99
22.7 69
22.8 148
22.9 66
23 89
23.1 86
23.2 89
23.3 134
23.4 97
23.5 68
23.6 87
23.7 140
23.8 108
23.9 88
24 102
24.1 102
24.2 101
24.3 69
24.4 118
24.5 84
24.6 130
24.7 87
24.8 80
24.9 153
25 76
25.1 104
25.2 59
25.3 105
25.4 102
25.5 88
25.6 101
25.7 114
25.8 92
25.9 122
26 106
26.1 82
26.2 82
26.3 95
26.4 110
26.5 90
26.6 91
26.7 102
26.8 63
26.9 118
27 115
27.1 52
27.2 108
27.3 105
27.4 124
27.5 105
27.6 66
27.7 128
27.8 81
27.9 88
28 109
28.1 99
28.2 94
28.3 118
28.4 49
28.5 129
28.6 77
28.7 120
28.8 76
28.9 120
29 97
29.1 81
29.2 88
29.3 118
29.4 101
29.5 88
29.6 107
29.7 130
29.8 59
29.9 106
30 102
30.1 143
30.2 77
30.3 108
30.4 105
30.5 95
30.6 71
30.7 101
30.8 82
30.9 150
31 47
31.1 128
31.2 87
31.3 145
31.4 50
31.5 123
31.6 68
31.7 132
31.8 73
31.9 93
32 112
32.1 84
32.2 159
32.3 52
32.4 104
32.5 92
32.6 99
32.7 111
32.8 99
32.9 91
33 81
33.1 153
33.2 72
33.3 81
33.4 149
33.5 67
33.6 132
33.7 75
33.8 118
33.9 95
34 90
34.1 90
34.2 100
34.3 73
34.4 109
34.5 139
34.6 81
34.7 128
34.8 86
34.9 140
35 69
35.1 117
35.2 105
35.3 75
35.4 80
35.5 111
35.6 86
35.7 133
35.8 86
35.9 92
36 118
36.1 95
36.2 84
36.3 112
36.4 70
36.5 121
36.6 90
36.7 130
36.8 59
36.9 144
37 66
37.1 91
37.2 119
37.3 91
37.4 64
37.5 96
37.6 88
37.7 127
37.8 88
37.9 125
38 71
38.1 110
38.2 97
38.3 83
38.4 125
38.5 53
38.6 109
38.7 97
38.8 83
38.9 135
39 94
39.1 114
39.2 71
39.3 120
39.4 107
39.5 129
39.6 96
39.7 99
39.8 72
39.9 83
40 168
40.1 56
40.2 121
40.3 135
40.4 54
40.5 113
40.6 130
40.7 104
40.8 49
40.9 122
41 89
41.1 103
41.2 131
41.3 74
41.4 140
41.5 95
41.6 66
41.7 138
41.8 95
41.9 59
42 111
42.1 142
42.2 68
42.3 106
42.4 104
42.5 87
42.6 147
42.7 109
42.8 96
42.9 68
43 132
43.1 100
43.2 95
43.3 82
43.4 109
43.5 78
43.6 106
43.7 104
43.8 74
43.9 129
44 88
44.1 80
44.2 138
44.3 71
44.4 105
44.5 66
44.6 105
44.7 90
44.8 146
44.9 50
45 141
45.1 104
45.2 55
45.3 111
45.4 131
45.5 92
45.6 104
45.7 126
45.8 100
45.9 80
46 141
46.1 72
46.2 78
46.3 131
46.4 90
46.5 94
46.6 100
46.7 87
46.8 98
46.9 116
47 84
47.1 98
47.2 96
47.3 83
47.4 127
47.5 97
47.6 64
47.7 143
47.8 111
47.9 75
48 95
48.1 81
48.2 127
48.3 67
48.4 139
48.5 75
48.6 103
48.7 91
48.8 116
48.9 89
49 119
49.1 81
49.2 95
49.3 139
49.4 76
49.5 90
49.6 94
49.7 144
49.8 95
49.9 75
50 112
50.1 52
50.2 167
50.3 65
50.4 92
50.5 119
50.6 128
50.7 72
50.8 125
50.9 73
51 97
51.1 138
51.2 71
51.3 132
51.4 69
51.5 94
51.6 143
51.7 69
51.8 115
51.9 96
52 80
52.1 103
52.2 108
52.3 140
52.4 90
52.5 87
52.6 96
52.7 67
52.8 120
52.9 97
53 79
53.1 88
53.2 131
53.3 71
53.4 109
53.5 95
53.6 79
53.7 113
53.8 67
53.9 156
54 92
54.1 73
54.2 142
54.3 91
54.4 86
54.5 96
54.6 108
54.7 70
54.8 137
54.9 106
55 85
55.1 94
55.2 86
55.3 89
55.4 102
55.5 91
55.6 82
55.7 90
55.8 82
55.9 135
56 122
56.1 65
56.2 143
56.3 76
56.4 97
56.5 107
56.6 119
56.7 50
56.8 99
56.9 105
57 89
57.1 105
57.2 117
57.3 104
57.4 77
57.5 89
57.6 108
57.7 67
57.8 126
57.9 83
58 131
58.1 90
58.2 92
58.3 90
58.4 105
58.5 58
58.6 99
58.7 114
58.8 130
58.9 77
59 80
59.1 108
59.2 109
59.3 108
59.4 123
59.5 70
59.6 116
59.7 91
59.8 118
59.9 66
